1	1	1	1	30	1	5	1	1	10	10	1		
1	1	1	1	29	1	5	1	2	10	10	2		
1	1	1	1	31	1	5	1	3	10	10	3		
1	1	1	1	32	1	5	1	4	10	10	4		
1	1	2	8	34	1	5	1	5	10	10	5		
1	1	2	8	33	1	5	1	6	10	10	6		
1	1	2	8	35	1	5	1	7	10	10	7		
1	1	2	8	36	1	5	1	8	10	10	8		
1	1	1	1	27	1	5	1	9	10	10	9		
1	1	1	1	28	1	5	1	10	10	10	10		
1	1	1	1	26	1	5	1	11	10	10	11		
1	1	1	1	25	1	5	1	12	10	10	12		
1	1	2	8	41	1	5	1	13	10	10	13		
1	1	2	8	38	1	5	1	14	10	10	14		
1	1	2	8	37	1	5	1	15	10	10	15		
1	1	2	8	39	1	5	1	16	10	10	16
1	1	1	1	22	1	5	1	17	10	10	17
1	1	1	1	21	1	5	1	18	10	10	18
1	1	1	1	23	1	5	1	19	10	10	19
1	1	1	1	24	1	5	1	20	10	10	20
1	1	2	8	40	1	5	1	21	10	10	21
1	1	2	8	43	1	5	1	22	10	10	22
1	1	2	8	44	1	5	1	23	10	10	23
1	1	2	8	42	1	5	1	24	10	10	24
1	1	1	1	19	1	5	1	25	10	10	25
1	1	1	1	20	1	5	1	26	10	10	26
1	1	1	1	18	1	5	1	27	10	10	27
1	1	1	1	17	1	5	1	28	10	10	28
1	1	2	8	47	1	5	1	29	10	10	29
1	1	2	8	48	1	5	1	30	10	10	30
1	1	2	8	46	1	5	1	31	10	10	31
1	1	2	8	45	1	5	1	32	10	10	32
1	1	1	1	14	1	5	1	33	10	10	33
1	1	1	1	13	1	5	1	34	10	10	34
1	1	1	1	15	1	5	1	35	10	10	35
1	1	1	1	16	1	5	1	36	10	10	36
1	1	2	8	50	1	5	1	37	10	10	37
1	1	2	8	49	1	5	1	38	10	10	38
1	1	2	8	51	1	5	1	39	10	10	39
1	1	2	8	52	1	5	1	40	10	10	40
1	1	1	1	11	1	5	1	41	10	10	41
1	1	1	1	12	1	5	1	42	10	10	42
1	1	1	1	10	1	5	1	43	10	10	43
1	1	1	1	9	1	5	1	44	10	10	44
1	1	2	8	57	1	5	1	45	10	10	45
1	1	2	8	54	1	5	1	46	10	10	46
1	1	2	8	53	1	5	1	47	10	10	47
1	1	2	8	55	1	5	1	48	10	10	48
1	1	1	1	6	1	5	1	49	10	10	49
1	1	1	1	5	1	5	1	50	10	10	50
1	1	1	1	7	1	5	1	51	10	10	51
1	1	1	1	8	1	5	1	52	10	10	52
1	1	2	8	56	1	5	1	53	10	10	53
1	1	2	8	59	1	5	1	54	10	10	54
1	1	2	8	60	1	5	1	55	10	10	55
1	1	2	8	58	1	5	1	56	10	10	56
1	1	1	1	3	1	5	1	57	10	10	57
1	1	1	1	4	1	5	1	58	10	10	58
1	1	1	1	2	1	5	1	59	10	10	59
1	1	1	1	1	1	5	1	60	10	10	60
1	1	2	8	64	1	5	1	61	10	10	61
1	1	2	8	63	1	5	1	62	10	10	62
1	1	2	8	62	1	5	1	63	10	10	63
1	1	2	8	61	1	5	1	64	10	10	64
1	1	1	1	61	1	5	1	76	10	10	65
1	1	1	1	62	1	5	1	66	10	10	66
1	1	1	1	63	1	5	1	67	10	10	67
1	1	1	1	64	1	5	1	68	10	10	68
1	1	2	8	1	1	5	1	69	10	10	69
1	1	2	8	2	1	5	1	70	10	10	70
1	1	2	8	4	1	5	1	71	10	10	71
1	1	2	8	3	1	5	1	72	10	10	72
1	1	1	1	58	1	5	1	73	10	10	73
1	1	1	1	60	1	5	1	74	10	10	74
1	1	1	1	59	1	5	1	75	10	10	75
1	1	1	1	56	1	5	1	65	10	10	76
1	1	2	8	8	1	5	1	77	10	10	77
1	1	2	8	7	1	5	1	78	10	10	78
1	1	2	8	5	1	5	1	79	10	10	79
1	1	2	8	6	1	5	1	80	10	10	80
1	1	1	1	55	1	5	1	81	10	10	81
1	1	1	1	53	1	5	1	82	10	10	82
1	1	1	1	54	1	5	1	83	10	10	83
1	1	1	1	57	1	5	1	84	10	10	84
1	1	2	8	9	1	5	1	85	10	10	85
1	1	2	8	10	1	5	1	86	10	10	86
1	1	2	8	12	1	5	1	87	10	10	87
1	1	2	8	11	1	5	1	88	10	10	88
1	1	1	1	52	1	5	1	89	10	10	89
1	1	1	1	51	1	5	1	90	10	10	90
1	1	1	1	49	1	5	1	91	10	10	91
1	1	1	1	50	1	5	1	92	10	10	92
1	1	2	8	16	1	5	1	93	10	10	93
1	1	2	8	15	1	5	1	94	10	10	94
1	1	2	8	13	1	5	1	95	10	10	95
1	1	2	8	14	1	5	1	96	10	10	96
1	1	1	1	45	1	5	1	97	10	10	97
1	1	1	1	46	1	5	1	98	10	10	98
1	1	1	1	48	1	5	1	99	10	10	99
1	1	1	1	47	1	5	1	100	10	10	100
1	1	2	8	17	1	5	1	101	10	10	101
1	1	2	8	18	1	5	1	102	10	10	102
1	1	2	8	20	1	5	1	103	10	10	103
1	1	2	8	19	1	5	1	104	10	10	104
1	1	1	1	42	1	5	1	105	10	10	105
1	1	1	1	44	1	5	1	106	10	10	106
1	1	1	1	43	1	5	1	107	10	10	107
1	1	1	1	40	1	5	1	108	10	10	108
1	1	2	8	24	1	5	1	109	10	10	109
1	1	2	8	23	1	5	1	110	10	10	110
1	1	2	8	21	1	5	1	111	10	10	111
1	1	2	8	22	1	5	1	112	10	10	112
1	1	1	1	39	1	5	1	113	10	10	113
1	1	1	1	37	1	5	1	114	10	10	114
1	1	1	1	38	1	5	1	115	10	10	115
1	1	1	1	41	1	5	1	116	10	10	116
1	1	2	8	25	1	5	1	117	10	10	117
1	1	2	8	26	1	5	1	118	10	10	118
1	1	2	8	28	1	5	1	119	10	10	119
1	1	2	8	27	1	5	1	120	10	10	120
1	1	1	1	36	1	5	1	121	10	10	121
1	1	1	1	35	1	5	1	122	10	10	122
1	1	1	1	33	1	5	1	123	10	10	123
1	1	1	1	34	1	5	1	124	10	10	124
1	1	2	8	32	1	5	1	125	10	10	125
1	1	2	8	31	1	5	1	126	10	10	126
1	1	2	8	29	1	5	1	127	10	10	127
1	1	2	8	30	1	5	1	128	10	10	128
1	1	1	2	30	1	4	2	43	18	18	1
1	1	1	2	29	1	4	2	44	18	18	2
1	1	1	2	31	1	4	2	45	18	18	3
1	1	1	2	32	1	4	2	46	18	18	4
1	1	2	7	34	1	4	2	47	18	18	5
1	1	2	7	33	1	4	2	48	18	18	6
1	1	2	7	35	1	4	2	49	18	18	7
1	1	2	7	36	1	4	2	50	18	18	8
1	1	1	2	27	1	4	2	51	18	18	9
1	1	1	2	28	1	4	2	52	18	18	10
1	1	1	2	26	1	4	2	53	18	18	11
1	1	1	2	25	1	4	2	54	18	18	12
1	1	2	7	41	1	4	2	55	18	18	13
1	1	2	7	38	1	4	2	56	18	18	14
1	1	2	7	37	1	4	2	57	18	18	15
1	1	2	7	39	1	4	2	58	18	18	16
1	1	1	2	22	1	4	2	59	18	18	17
1	1	1	2	21	1	4	2	60	18	18	18
1	1	1	2	23	1	4	2	61	18	18	19
1	1	1	2	24	1	4	2	62	18	18	20
1	1	2	7	40	1	4	2	63	18	18	21
1	1	2	7	43	1	4	2	64	18	18	22
1	1	2	7	44	1	4	2	65	18	18	23
1	1	2	7	42	1	4	2	66	18	18	24
1	1	1	2	19	1	4	2	67	18	18	25
1	1	1	2	20	1	4	2	68	18	18	26
1	1	1	2	18	1	4	2	69	18	18	27
1	1	1	2	17	1	4	2	70	18	18	28
1	1	2	7	47	1	4	2	71	18	18	29
1	1	2	7	48	1	4	2	72	18	18	30
1	1	2	7	46	1	4	2	73	18	18	31
1	1	2	7	45	1	4	2	74	18	18	32
1	1	1	2	14	1	4	2	75	18	18	33
1	1	1	2	13	1	4	2	76	18	18	34
1	1	1	2	15	1	4	2	77	18	18	35
1	1	1	2	16	1	4	2	78	18	18	36
1	1	2	7	50	1	4	2	79	18	18	37
1	1	2	7	49	1	4	2	80	18	18	38
1	1	2	7	51	1	4	2	81	18	18	39
1	1	2	7	52	1	4	2	82	18	18	40
1	1	1	2	11	1	4	2	83	18	18	41
1	1	1	2	12	1	4	2	84	18	18	42
1	1	1	2	10	1	4	2	85	18	18	43
1	1	1	2	9	1	4	2	86	18	18	44
1	1	2	7	57	1	4	2	87	18	18	45
1	1	2	7	54	1	4	2	88	18	18	46
1	1	2	7	53	1	4	2	89	18	18	47
1	1	2	7	55	1	4	2	90	18	18	48
1	1	1	2	6	1	4	2	91	18	18	49
1	1	1	2	5	1	4	2	92	18	18	50
1	1	1	2	7	1	4	2	93	18	18	51
1	1	1	2	8	1	4	2	94	18	18	52
1	1	2	7	56	1	4	2	95	18	18	53
1	1	2	7	59	1	4	2	96	18	18	54
1	1	2	7	60	1	4	2	97	18	18	55
1	1	2	7	58	1	4	2	98	18	18	56
1	1	1	2	3	1	4	2	99	18	18	57
1	1	1	2	4	1	4	2	100	18	18	58
1	1	1	2	2	1	4	2	101	18	18	59
1	1	1	2	1	1	4	2	102	18	18	60
1	1	2	7	64	1	4	2	103	18	18	61
1	1	2	7	63	1	4	2	104	18	18	62
1	1	2	7	62	1	4	2	105	18	18	63
1	1	2	7	61	1	4	2	106	18	18	64
1	1	1	2	61	1	4	2	107	18	18	65
1	1	1	2	62	1	4	2	108	18	18	66
1	1	1	2	63	1	4	2	109	18	18	67
1	1	1	2	64	1	4	2	110	18	18	68
1	1	2	7	1	1	4	2	111	18	18	69
1	1	2	7	2	1	4	2	112	18	18	70
1	1	2	7	4	1	4	2	113	18	18	71
1	1	2	7	3	1	4	2	114	18	18	72
1	1	1	2	58	1	4	2	115	18	18	73
1	1	1	2	60	1	4	2	116	18	18	74
1	1	1	2	59	1	4	2	117	18	18	75
1	1	1	2	56	1	4	2	118	18	18	76
1	1	2	7	8	1	4	2	119	18	18	77
1	1	2	7	7	1	4	2	120	18	18	78
1	1	2	7	5	1	4	2	121	18	18	79
1	1	2	7	6	1	4	2	122	18	18	80
1	1	1	2	55	1	4	2	123	18	18	81
1	1	1	2	53	1	4	2	124	18	18	82
1	1	1	2	54	1	4	2	125	18	18	83
1	1	1	2	57	1	4	2	126	18	18	84
1	1	2	7	9	1	4	2	127	18	18	85
1	1	2	7	10	1	4	2	128	18	18	86
1	1	2	7	12	1	4	2	129	18	18	87
1	1	2	7	11	1	4	2	130	18	18	88
1	1	1	2	52	1	4	2	131	18	18	89
1	1	1	2	51	1	4	2	132	18	18	90
1	1	1	2	49	1	4	2	133	18	18	91
1	1	1	2	50	1	4	2	134	18	18	92
1	1	2	7	16	1	4	2	135	18	18	93
1	1	2	7	15	1	4	2	136	18	18	94
1	1	2	7	13	1	4	2	137	18	18	95
1	1	2	7	14	1	4	2	138	18	18	96
1	1	1	2	45	1	4	2	139	18	18	97
1	1	1	2	46	1	4	2	140	18	18	98
1	1	1	2	48	1	4	2	141	18	18	99
1	1	1	2	47	1	4	2	142	18	18	100
1	1	2	7	17	1	4	2	143	18	18	101
1	1	2	7	18	1	4	2	144	18	18	102
1	1	2	7	20	1	4	2	145	18	18	103
1	1	2	7	19	1	4	2	146	18	18	104
1	1	1	2	42	1	4	2	147	18	18	105
1	1	1	2	44	1	4	2	148	18	18	106
1	1	1	2	43	1	4	2	149	18	18	107
1	1	1	2	40	1	4	2	150	18	18	108
1	1	2	7	24	1	4	2	151	18	18	109
1	1	2	7	23	1	4	2	152	18	18	110
1	1	2	7	21	1	4	2	153	18	18	111
1	1	2	7	22	1	4	2	154	18	18	112
1	1	1	2	39	1	4	2	155	18	18	113
1	1	1	2	37	1	4	2	156	18	18	114
1	1	1	2	38	1	4	2	157	18	18	115
1	1	1	2	41	1	4	2	158	18	18	116
1	1	2	7	25	1	4	2	159	18	18	117
1	1	2	7	26	1	4	2	160	18	18	118
1	1	2	7	28	1	4	2	161	18	18	119
1	1	2	7	27	1	4	2	162	18	18	120
1	1	1	2	36	1	4	2	163	18	18	121
1	1	1	2	35	1	4	2	164	18	18	122
1	1	1	2	33	1	4	2	165	18	18	123
1	1	1	2	34	1	4	2	166	18	18	124
1	1	2	7	32	1	4	2	167	18	18	125
1	1	2	7	31	1	4	2	168	18	18	126
1	1	2	7	29	1	4	2	169	18	18	127
1	1	2	7	30	1	4	2	170	18	18	128
1	1	1	3	30	1	5	2	43	6	6	1
1	1	1	3	29	1	5	2	44	6	6	2
1	1	1	3	31	1	5	2	45	6	6	3
1	1	1	3	32	1	5	2	46	6	6	4
1	1	2	6	34	1	5	2	47	6	6	5
1	1	2	6	33	1	5	2	48	6	6	6
1	1	2	6	35	1	5	2	49	6	6	7
1	1	2	6	36	1	5	2	50	6	6	8
1	1	1	3	27	1	5	2	51	6	6	9
1	1	1	3	28	1	5	2	52	6	6	10
1	1	1	3	26	1	5	2	53	6	6	11
1	1	1	3	25	1	5	2	54	6	6	12
1	1	2	6	41	1	5	2	55	6	6	13
1	1	2	6	38	1	5	2	56	6	6	14
1	1	2	6	37	1	5	2	57	6	6	15
1	1	2	6	39	1	5	2	58	6	6	16
1	1	1	3	22	1	5	2	59	6	6	17
1	1	1	3	21	1	5	2	60	6	6	18
1	1	1	3	23	1	5	2	61	6	6	19
1	1	1	3	24	1	5	2	62	6	6	20
1	1	2	6	40	1	5	2	63	6	6	21
1	1	2	6	43	1	5	2	64	6	6	22
1	1	2	6	44	1	5	2	65	6	6	23
1	1	2	6	42	1	5	2	66	6	6	24
1	1	1	3	19	1	5	2	67	6	6	25
1	1	1	3	20	1	5	2	68	6	6	26
1	1	1	3	18	1	5	2	69	6	6	27
1	1	1	3	17	1	5	2	70	6	6	28
1	1	2	6	47	1	5	2	71	6	6	29
1	1	2	6	48	1	5	2	72	6	6	30
1	1	2	6	46	1	5	2	73	6	6	31
1	1	2	6	45	1	5	2	74	6	6	32
1	1	1	3	14	1	5	2	75	6	6	33
1	1	1	3	13	1	5	2	76	6	6	34
1	1	1	3	15	1	5	2	77	6	6	35
1	1	1	3	16	1	5	2	78	6	6	36
1	1	2	6	50	1	5	2	79	6	6	37
1	1	2	6	49	1	5	2	80	6	6	38
1	1	2	6	51	1	5	2	81	6	6	39
1	1	2	6	52	1	5	2	82	6	6	40
1	1	1	3	11	1	5	2	83	6	6	41
1	1	1	3	12	1	5	2	84	6	6	42
1	1	1	3	10	1	5	2	85	6	6	43
1	1	1	3	9	1	5	2	86	6	6	44
1	1	2	6	57	1	5	2	87	6	6	45
1	1	2	6	54	1	5	2	88	6	6	46
1	1	2	6	53	1	5	2	89	6	6	47
1	1	2	6	55	1	5	2	90	6	6	48
1	1	1	3	6	1	5	2	91	6	6	49
1	1	1	3	5	1	5	2	92	6	6	50
1	1	1	3	7	1	5	2	93	6	6	51
1	1	1	3	8	1	5	2	94	6	6	52
1	1	2	6	56	1	5	2	95	6	6	53
1	1	2	6	59	1	5	2	96	6	6	54
1	1	2	6	60	1	5	2	97	6	6	55
1	1	2	6	58	1	5	2	98	6	6	56
1	1	1	3	3	1	5	2	99	6	6	57
1	1	1	3	4	1	5	2	100	6	6	58
1	1	1	3	2	1	5	2	101	6	6	59
1	1	1	3	1	1	5	2	102	6	6	60
1	1	2	6	64	1	5	2	103	6	6	61
1	1	2	6	63	1	5	2	104	6	6	62
1	1	2	6	62	1	5	2	105	6	6	63
1	1	2	6	61	1	5	2	106	6	6	64
1	1	1	3	61	1	5	2	107	6	6	65
1	1	1	3	62	1	5	2	108	6	6	66
1	1	1	3	63	1	5	2	109	6	6	67
1	1	1	3	64	1	5	2	110	6	6	68
1	1	2	6	1	1	5	2	111	6	6	69
1	1	2	6	2	1	5	2	112	6	6	70
1	1	2	6	4	1	5	2	113	6	6	71
1	1	2	6	3	1	5	2	114	6	6	72
1	1	1	3	58	1	5	2	115	6	6	73
1	1	1	3	60	1	5	2	116	6	6	74
1	1	1	3	59	1	5	2	117	6	6	75
1	1	1	3	56	1	5	2	118	6	6	76
1	1	2	6	8	1	5	2	119	6	6	77
1	1	2	6	7	1	5	2	120	6	6	78
1	1	2	6	5	1	5	2	121	6	6	79
1	1	2	6	6	1	5	2	122	6	6	80
1	1	1	3	55	1	5	2	123	6	6	81
1	1	1	3	53	1	5	2	124	6	6	82
1	1	1	3	54	1	5	2	125	6	6	83
1	1	1	3	57	1	5	2	126	6	6	84
1	1	2	6	9	1	5	2	127	6	6	85
1	1	2	6	10	1	5	2	128	6	6	86
1	1	2	6	12	1	5	2	129	6	6	87
1	1	2	6	11	1	5	2	130	6	6	88
1	1	1	3	52	1	5	2	131	6	6	89
1	1	1	3	51	1	5	2	132	6	6	90
1	1	1	3	49	1	5	2	133	6	6	91
1	1	1	3	50	1	5	2	134	6	6	92
1	1	2	6	16	1	5	2	135	6	6	93
1	1	2	6	15	1	5	2	136	6	6	94
1	1	2	6	13	1	5	2	137	6	6	95
1	1	2	6	14	1	5	2	138	6	6	96
1	1	1	3	45	1	5	2	139	6	6	97
1	1	1	3	46	1	5	2	140	6	6	98
1	1	1	3	48	1	5	2	141	6	6	99
1	1	1	3	47	1	5	2	142	6	6	100
1	1	2	6	17	1	5	2	143	6	6	101
1	1	2	6	18	1	5	2	144	6	6	102
1	1	2	6	20	1	5	2	145	6	6	103
1	1	2	6	19	1	5	2	146	6	6	104
1	1	1	3	42	1	5	2	147	6	6	105
1	1	1	3	44	1	5	2	148	6	6	106
1	1	1	3	43	1	5	2	149	6	6	107
1	1	1	3	40	1	5	2	150	6	6	108
1	1	2	6	24	1	5	2	152	6	6	109
1	1	2	6	23	1	5	2	151	6	6	110
1	1	2	6	21	1	5	2	153	6	6	111
1	1	2	6	22	1	5	2	154	6	6	112
1	1	1	3	39	1	5	2	155	6	6	113
1	1	1	3	37	1	5	2	156	6	6	114
1	1	1	3	38	1	5	2	157	6	6	115
1	1	1	3	41	1	5	2	158	6	6	116
1	1	2	6	25	1	5	2	159	6	6	117
1	1	2	6	26	1	5	2	160	6	6	118
1	1	2	6	28	1	5	2	161	6	6	119
1	1	2	6	27	1	5	2	162	6	6	120
1	1	1	3	36	1	5	2	163	6	6	121
1	1	1	3	35	1	5	2	164	6	6	122
1	1	1	3	33	1	5	2	165	6	6	123
1	1	1	3	34	1	5	2	166	6	6	124
1	1	2	6	32	1	5	2	167	6	6	125
1	1	2	6	31	1	5	2	168	6	6	126
1	1	2	6	29	1	5	2	169	6	6	127
1	1	2	6	30	1	5	2	170	6	6	128
1	1	1	4	30	1	4	1	1	16	16	1
1	1	1	4	29	1	4	1	2	16	16	2
1	1	1	4	31	1	4	1	3	16	16	3
1	1	1	4	32	1	4	1	4	16	16	4
1	1	2	5	34	1	4	1	5	16	16	5
1	1	2	5	33	1	4	1	6	16	16	6
1	1	2	5	35	1	4	1	7	16	16	7
1	1	2	5	36	1	4	1	8	16	16	8
1	1	1	4	27	1	4	1	9	16	16	9
1	1	1	4	28	1	4	1	10	16	16	10
1	1	1	4	26	1	4	1	11	16	16	11
1	1	1	4	25	1	4	1	12	16	16	12
1	1	2	5	41	1	4	1	13	16	16	13
1	1	2	5	38	1	4	1	14	16	16	14
1	1	2	5	37	1	4	1	15	16	16	15
1	1	2	5	39	1	4	1	16	16	16	16
1	1	1	4	22	1	4	1	17	16	16	17
1	1	1	4	21	1	4	1	18	16	16	18
1	1	1	4	23	1	4	1	19	16	16	19
1	1	1	4	24	1	4	1	20	16	16	20
1	1	2	5	40	1	4	1	21	16	16	21
1	1	2	5	43	1	4	1	22	16	16	22
1	1	2	5	44	1	4	1	23	16	16	23
1	1	2	5	42	1	4	1	24	16	16	24
1	1	1	4	19	1	4	1	25	16	16	25
1	1	1	4	20	1	4	1	26	16	16	26
1	1	1	4	18	1	4	1	27	16	16	27
1	1	1	4	17	1	4	1	28	16	16	28
1	1	2	5	47	1	4	1	29	16	16	29
1	1	2	5	48	1	4	1	30	16	16	30
1	1	2	5	46	1	4	1	31	16	16	31
1	1	2	5	45	1	4	1	32	16	16	32
1	1	1	4	14	1	4	1	33	16	16	33
1	1	1	4	13	1	4	1	34	16	16	34
1	1	1	4	15	1	4	1	35	16	16	35
1	1	1	4	16	1	4	1	36	16	16	36
1	1	2	5	50	1	4	1	37	16	16	37
1	1	2	5	49	1	4	1	38	16	16	38
1	1	2	5	51	1	4	1	39	16	16	39
1	1	2	5	52	1	4	1	40	16	16	40
1	1	1	4	11	1	4	1	41	16	16	41
1	1	1	4	12	1	4	1	42	16	16	42
1	1	1	4	10	1	4	1	43	16	16	43
1	1	1	4	9	1	4	1	44	16	16	44
1	1	2	5	57	1	4	1	45	16	16	45
1	1	2	5	54	1	4	1	46	16	16	46
1	1	2	5	53	1	4	1	47	16	16	47
1	1	2	5	55	1	4	1	48	16	16	48
1	1	1	4	6	1	4	1	49	16	16	49
1	1	1	4	5	1	4	1	50	16	16	50
1	1	1	4	7	1	4	1	51	16	16	51
1	1	1	4	8	1	4	1	52	16	16	52
1	1	2	5	56	1	4	1	53	16	16	53
1	1	2	5	59	1	4	1	54	16	16	54
1	1	2	5	60	1	4	1	55	16	16	55
1	1	2	5	58	1	4	1	56	16	16	56
1	1	1	4	3	1	4	1	57	16	16	57
1	1	1	4	4	1	4	1	58	16	16	58
1	1	1	4	2	1	4	1	59	16	16	59
1	1	1	4	1	1	4	1	60	16	16	60
1	1	2	5	64	1	4	1	61	16	16	61
1	1	2	5	63	1	4	1	62	16	16	62
1	1	2	5	62	1	4	1	63	16	16	63
1	1	2	5	61	1	4	1	64	16	16	64
1	1	1	4	61	1	4	1	65	16	16	65
1	1	1	4	62	1	4	1	66	16	16	66
1	1	1	4	63	1	4	1	67	16	16	67
1	1	1	4	64	1	4	1	68	16	16	68
1	1	2	5	1	1	4	1	69	16	16	69
1	1	2	5	2	1	4	1	70	16	16	70
1	1	2	5	4	1	4	1	71	16	16	71
1	1	2	5	3	1	4	1	72	16	16	72
1	1	1	4	58	1	4	1	73	16	16	73
1	1	1	4	60	1	4	1	74	16	16	74
1	1	1	4	59	1	4	1	75	16	16	75
1	1	1	4	56	1	4	1	76	16	16	76
1	1	2	5	8	1	4	1	77	16	16	77
1	1	2	5	7	1	4	1	78	16	16	78
1	1	2	5	5	1	4	1	79	16	16	79
1	1	2	5	6	1	4	1	80	16	16	80
1	1	1	4	55	1	4	1	81	16	16	81
1	1	1	4	53	1	4	1	82	16	16	82
1	1	1	4	54	1	4	1	83	16	16	83
1	1	1	4	57	1	4	1	84	16	16	84
1	1	2	5	9	1	4	1	85	16	16	85
1	1	2	5	10	1	4	1	86	16	16	86
1	1	2	5	12	1	4	1	87	16	16	87
1	1	2	5	11	1	4	1	88	16	16	88
1	1	1	4	52	1	4	1	89	16	16	89
1	1	1	4	51	1	4	1	90	16	16	90
1	1	1	4	49	1	4	1	91	16	16	91
1	1	1	4	50	1	4	1	92	16	16	92
1	1	2	5	16	1	4	1	93	16	16	93
1	1	2	5	15	1	4	1	94	16	16	94
1	1	2	5	13	1	4	1	95	16	16	95
1	1	2	5	14	1	4	1	96	16	16	96
1	1	1	4	45	1	4	1	97	16	16	97
1	1	1	4	46	1	4	1	98	16	16	98
1	1	1	4	48	1	4	1	99	16	16	99
1	1	1	4	47	1	4	1	100	16	16	100
1	1	2	5	17	1	4	1	101	16	16	101
1	1	2	5	18	1	4	1	102	16	16	102
1	1	2	5	20	1	4	1	103	16	16	103
1	1	2	5	19	1	4	1	104	16	16	104
1	1	1	4	42	1	4	1	105	16	16	105
1	1	1	4	44	1	4	1	106	16	16	106
1	1	1	4	43	1	4	1	107	16	16	107
1	1	1	4	40	1	4	1	108	16	16	108
1	1	2	5	24	1	4	1	109	16	16	109
1	1	2	5	23	1	4	1	110	16	16	110
1	1	2	5	21	1	4	1	111	16	16	111
1	1	2	5	22	1	4	1	112	16	16	112
1	1	1	4	39	1	4	1	113	16	16	113
1	1	1	4	37	1	4	1	114	16	16	114
1	1	1	4	38	1	4	1	115	16	16	115
1	1	1	4	41	1	4	1	116	16	16	116
1	1	2	5	25	1	4	1	117	16	16	117
1	1	2	5	26	1	4	1	118	16	16	118
1	1	2	5	28	1	4	1	119	16	16	119
1	1	2	5	27	1	4	1	120	16	16	120
1	1	1	4	36	1	4	1	121	16	16	121
1	1	1	4	35	1	4	1	122	16	16	122
1	1	1	4	33	1	4	1	123	16	16	123
1	1	1	4	34	1	4	1	124	16	16	124
1	1	2	5	32	1	4	1	125	16	16	125
1	1	2	5	31	1	4	1	126	16	16	126
1	1	2	5	29	1	4	1	127	16	16	127
1	1	2	5	30	1	4	1	128	16	16	128
1	1	1	5	30	1	3	1	1	21	21	1
1	1	1	5	29	1	3	1	2	21	21	2
1	1	1	5	31	1	3	1	3	21	21	3
1	1	1	5	32	1	3	1	4	21	21	4
1	1	2	4	34	1	3	1	5	21	21	5
1	1	2	4	33	1	3	1	6	21	21	6
1	1	2	4	35	1	3	1	7	21	21	7
1	1	2	4	36	1	3	1	8	21	21	8
1	1	1	5	27	1	3	1	9	21	21	9
1	1	1	5	28	1	3	1	10	21	21	10
1	1	1	5	26	1	3	1	11	21	21	11
1	1	1	5	25	1	3	1	12	21	21	12
1	1	2	4	41	1	3	1	13	21	21	13
1	1	2	4	38	1	3	1	14	21	21	14
1	1	2	4	37	1	3	1	15	21	21	15
1	1	2	4	39	1	3	1	16	21	21	16
1	1	1	5	22	1	3	1	17	21	21	17
1	1	1	5	21	1	3	1	18	21	21	18
1	1	1	5	23	1	3	1	19	21	21	19
1	1	1	5	24	1	3	1	20	21	21	20
1	1	2	4	40	1	3	1	21	21	21	21
1	1	2	4	43	1	3	1	22	21	21	22
1	1	2	4	44	1	3	1	23	21	21	23
1	1	2	4	42	1	3	1	24	21	21	24
1	1	1	5	19	1	3	1	25	21	21	25
1	1	1	5	20	1	3	1	26	21	21	26
1	1	1	5	18	1	3	1	27	21	21	27
1	1	1	5	17	1	3	1	28	21	21	28
1	1	2	4	47	1	3	1	29	21	21	29
1	1	2	4	48	1	3	1	30	21	21	30
1	1	2	4	46	1	3	1	31	21	21	31
1	1	2	4	45	1	3	1	32	21	21	32
1	1	1	5	14	1	3	1	33	21	21	33
1	1	1	5	13	1	3	1	34	21	21	34
1	1	1	5	15	1	3	1	35	21	21	35
1	1	1	5	16	1	3	1	36	21	21	36
1	1	2	4	50	1	3	1	37	21	21	37
1	1	2	4	49	1	3	1	38	21	21	38
1	1	2	4	51	1	3	1	39	21	21	39
1	1	2	4	52	1	3	1	40	21	21	40
1	1	1	5	11	1	3	1	41	21	21	41
1	1	1	5	12	1	3	1	42	21	21	42
1	1	1	5	10	1	3	1	43	21	21	43
1	1	1	5	9	1	3	1	44	21	21	44
1	1	2	4	57	1	3	1	45	21	21	45
1	1	2	4	54	1	3	1	46	21	21	46
1	1	2	4	53	1	3	1	47	21	21	47
1	1	2	4	55	1	3	1	48	21	21	48
1	1	1	5	6	1	3	1	49	21	21	49
1	1	1	5	5	1	3	1	50	21	21	50
1	1	1	5	7	1	3	1	51	21	21	51
1	1	1	5	8	1	3	1	52	21	21	52
1	1	2	4	56	1	3	1	53	21	21	53
1	1	2	4	59	1	3	1	54	21	21	54
1	1	2	4	60	1	3	1	55	21	21	55
1	1	2	4	58	1	3	1	56	21	21	56
1	1	1	5	3	1	3	1	57	21	21	57
1	1	1	5	4	1	3	1	58	21	21	58
1	1	1	5	2	1	3	1	59	21	21	59
1	1	1	5	1	1	3	1	60	21	21	60
1	1	2	4	64	1	3	1	61	21	21	61
1	1	2	4	63	1	3	1	62	21	21	62
1	1	2	4	62	1	3	1	63	21	21	63
1	1	2	4	61	1	3	1	64	21	21	64
1	1	1	5	61	1	3	1	65	21	21	65
1	1	1	5	62	1	3	1	66	21	21	66
1	1	1	5	63	1	3	1	67	21	21	67
1	1	1	5	64	1	3	1	68	21	21	68
1	1	2	4	1	1	3	1	69	21	21	69
1	1	2	4	2	1	3	1	70	21	21	70
1	1	2	4	4	1	3	1	71	21	21	71
1	1	2	4	3	1	3	1	72	21	21	72
1	1	1	5	58	1	3	1	73	21	21	73
1	1	1	5	60	1	3	1	74	21	21	74
1	1	1	5	59	1	3	1	75	21	21	75
1	1	1	5	56	1	3	1	76	21	21	76
1	1	2	4	8	1	3	1	77	21	21	77
1	1	2	4	7	1	3	1	78	21	21	78
1	1	2	4	5	1	3	1	79	21	21	79
1	1	2	4	6	1	3	1	80	21	21	80
1	1	1	5	55	1	3	1	81	21	21	81
1	1	1	5	53	1	3	1	82	21	21	82
1	1	1	5	54	1	3	1	83	21	21	83
1	1	1	5	57	1	3	1	84	21	21	84
1	1	2	4	9	1	3	1	85	21	21	85
1	1	2	4	10	1	3	1	86	21	21	86
1	1	2	4	12	1	3	1	87	21	21	87
1	1	2	4	11	1	3	1	88	21	21	88
1	1	1	5	52	1	3	1	89	21	21	89
1	1	1	5	51	1	3	1	90	21	21	90
1	1	1	5	49	1	3	1	91	21	21	91
1	1	1	5	50	1	3	1	92	21	21	92
1	1	2	4	16	1	3	1	93	21	21	93
1	1	2	4	15	1	3	1	94	21	21	94
1	1	2	4	13	1	3	1	95	21	21	95
1	1	2	4	14	1	3	1	96	21	21	96
1	1	1	5	45	1	3	1	97	21	21	97
1	1	1	5	46	1	3	1	98	21	21	98
1	1	1	5	48	1	3	1	99	21	21	99
1	1	1	5	47	1	3	1	100	21	21	100
1	1	2	4	17	1	3	1	101	21	21	101
1	1	2	4	18	1	3	1	102	21	21	102
1	1	2	4	20	1	3	1	103	21	21	103
1	1	2	4	19	1	3	1	104	21	21	104
1	1	1	5	42	1	3	1	105	21	21	105
1	1	1	5	44	1	3	1	106	21	21	106
1	1	1	5	43	1	3	1	107	21	21	107
1	1	1	5	40	1	3	1	108	21	21	108
1	1	2	4	24	1	3	1	109	21	21	109
1	1	2	4	23	1	3	1	110	21	21	110
1	1	2	4	21	1	3	1	111	21	21	111
1	1	2	4	22	1	3	1	112	21	21	112
1	1	1	5	39	1	3	1	113	21	21	113
1	1	1	5	37	1	3	1	114	21	21	114
1	1	1	5	38	1	3	1	115	21	21	115
1	1	1	5	41	1	3	1	116	21	21	116
1	1	2	4	25	1	3	1	117	21	21	117
1	1	2	4	26	1	3	1	118	21	21	118
1	1	2	4	28	1	3	1	119	21	21	119
1	1	2	4	27	1	3	1	120	21	21	120
1	1	1	5	36	1	3	1	121	21	21	121
1	1	1	5	35	1	3	1	122	21	21	122
1	1	1	5	33	1	3	1	123	21	21	123
1	1	1	5	34	1	3	1	124	21	21	124
1	1	2	4	32	1	3	1	125	21	21	125
1	1	2	4	31	1	3	1	126	21	21	126
1	1	2	4	29	1	3	1	127	21	21	127
1	1	2	4	30	1	3	1	128	21	21	128
1	1	1	6	30	1	3	2	171	24	24	1
1	1	1	6	29	1	3	2	172	24	24	2
1	1	1	6	31	1	3	2	173	24	24	3
1	1	1	6	32	1	3	2	174	24	24	4
1	1	2	3	34	1	3	2	175	24	24	5
1	1	2	3	33	1	3	2	176	24	24	6
1	1	2	3	35	1	3	2	177	24	24	7
1	1	2	3	36	1	3	2	178	24	24	8
1	1	1	6	27	1	3	2	179	24	24	9
1	1	1	6	28	1	3	2	180	24	24	10
1	1	1	6	26	1	3	2	181	24	24	11
1	1	1	6	25	1	3	2	182	24	24	12
1	1	2	3	41	1	3	2	183	24	24	13
1	1	2	3	38	1	3	2	184	24	24	14
1	1	2	3	37	1	3	2	185	24	24	15
1	1	2	3	39	1	3	2	186	24	24	16
1	1	1	6	22	1	3	2	187	24	24	17
1	1	1	6	21	1	3	2	188	24	24	18
1	1	1	6	23	1	3	2	189	24	24	19
1	1	1	6	24	1	3	2	190	24	24	20
1	1	2	3	40	1	3	2	191	24	24	21
1	1	2	3	43	1	3	2	192	24	24	22
1	1	2	3	44	1	3	2	193	24	24	23
1	1	2	3	42	1	3	2	194	24	24	24
1	1	1	6	19	1	3	2	195	24	24	25
1	1	1	6	20	1	3	2	196	24	24	26
1	1	1	6	18	1	3	2	197	24	24	27
1	1	1	6	17	1	3	2	198	24	24	28
1	1	2	3	47	1	3	2	199	24	24	29
1	1	2	3	48	1	3	2	200	24	24	30
1	1	2	3	46	1	3	2	201	24	24	31
1	1	2	3	45	1	3	2	202	24	24	32
1	1	1	6	14	1	3	2	203	24	24	33
1	1	1	6	13	1	3	2	204	24	24	34
1	1	1	6	15	1	3	2	205	24	24	35
1	1	1	6	16	1	3	2	206	24	24	36
1	1	2	3	50	1	3	2	207	24	24	37
1	1	2	3	49	1	3	2	208	24	24	38
1	1	2	3	51	1	3	2	209	24	24	39
1	1	2	3	52	1	3	2	210	24	24	40
1	1	1	6	11	1	3	2	211	24	24	41
1	1	1	6	12	1	3	2	212	24	24	42
1	1	1	6	10	1	3	3	1	24	24	43
1	1	1	6	9	1	3	3	2	24	24	44
1	1	2	3	57	1	3	3	3	24	24	45
1	1	2	3	54	1	3	3	4	24	24	46
1	1	2	3	53	1	3	3	5	24	24	47
1	1	2	3	55	1	3	3	6	24	24	48
1	1	1	6	6	1	3	3	7	24	24	49
1	1	1	6	5	1	3	3	8	24	24	50
1	1	1	6	7	1	3	3	9	24	24	51
1	1	1	6	8	1	3	3	10	24	24	52
1	1	2	3	56	1	3	3	11	24	24	53
1	1	2	3	59	1	3	3	12	24	24	54
1	1	2	3	60	1	3	3	13	24	24	55
1	1	2	3	58	1	3	3	14	24	24	56
1	1	1	6	3	1	3	3	15	24	24	57
1	1	1	6	4	1	3	3	16	24	24	58
1	1	1	6	2	1	3	3	17	24	24	59
1	1	1	6	1	1	3	3	18	24	24	60
1	1	2	3	64	1	3	3	19	24	24	61
1	1	2	3	63	1	3	3	20	24	24	62
1	1	2	3	62	1	3	3	21	24	24	63
1	1	2	3	61	1	3	3	22	24	24	64
1	1	1	6	61	1	3	3	23	24	24	65
1	1	1	6	62	1	3	3	24	24	24	66
1	1	1	6	63	1	3	3	25	24	24	67
1	1	1	6	64	1	3	3	26	24	24	68
1	1	2	3	1	1	3	3	27	24	24	69
1	1	2	3	2	1	3	3	28	24	24	70
1	1	2	3	4	1	3	3	29	24	24	71
1	1	2	3	3	1	3	3	30	24	24	72
1	1	1	6	58	1	3	3	31	24	24	73
1	1	1	6	60	1	3	3	32	24	24	74
1	1	1	6	59	1	3	3	33	24	24	75
1	1	1	6	56	1	3	3	34	24	24	76
1	1	2	3	8	1	3	3	35	24	24	77
1	1	2	3	7	1	3	3	36	24	24	78
1	1	2	3	5	1	3	3	37	24	24	79
1	1	2	3	6	1	3	3	38	24	24	80
1	1	1	6	55	1	3	3	39	24	24	81
1	1	1	6	53	1	3	3	40	24	24	82
1	1	1	6	54	1	3	3	41	24	24	83
1	1	1	6	57	1	3	3	42	24	24	84
1	1	2	3	9	1	3	3	43	24	24	85
1	1	2	3	10	1	3	3	44	24	24	86
1	1	2	3	12	1	3	3	45	24	24	87
1	1	2	3	11	1	3	3	46	24	24	88
1	1	1	6	52	1	3	3	47	24	24	89
1	1	1	6	51	1	3	3	48	24	24	90
1	1	1	6	49	1	3	3	49	24	24	91
1	1	1	6	50	1	3	3	50	24	24	92
1	1	2	3	16	1	3	3	51	24	24	93
1	1	2	3	15	1	3	3	52	24	24	94
1	1	2	3	13	1	3	3	53	24	24	95
1	1	2	3	14	1	3	3	54	24	24	96
1	1	1	6	45	1	3	3	55	24	24	97
1	1	1	6	46	1	3	3	56	24	24	98
1	1	1	6	48	1	3	3	57	24	24	99
1	1	1	6	47	1	3	3	58	24	24	100
1	1	2	3	17	1	3	3	59	24	24	101
1	1	2	3	18	1	3	3	60	24	24	102
1	1	2	3	20	1	3	3	61	24	24	103
1	1	2	3	19	1	3	3	62	24	24	104
1	1	1	6	42	1	3	3	63	24	24	105
1	1	1	6	44	1	3	3	64	24	24	106
1	1	1	6	43	1	3	3	65	24	24	107
1	1	1	6	40	1	3	3	66	24	24	108
1	1	2	3	24	1	3	3	67	24	24	109
1	1	2	3	23	1	3	3	68	24	24	110
1	1	2	3	21	1	3	3	69	24	24	111
1	1	2	3	22	1	3	3	70	24	24	112
1	1	1	6	39	1	3	3	71	24	24	113
1	1	1	6	37	1	3	3	72	24	24	114
1	1	1	6	38	1	3	3	73	24	24	115
1	1	1	6	41	1	3	3	74	24	24	116
1	1	2	3	25	1	3	3	75	24	24	117
1	1	2	3	26	1	3	3	76	24	24	118
1	1	2	3	28	1	3	3	77	24	24	119
1	1	2	3	27	1	3	3	78	24	24	120
1	1	1	6	36	1	3	3	79	24	24	121
1	1	1	6	35	1	3	3	80	24	24	122
1	1	1	6	33	1	3	3	81	24	24	123
1	1	1	6	34	1	3	3	82	24	24	124
1	1	2	3	32	1	3	3	83	24	24	125
1	1	2	3	31	1	3	3	84	24	24	126
1	1	2	3	29	1	3	3	85	24	24	127
1	1	2	3	30	1	3	3	86	24	24	128
1	1	1	7	30	1	1	1	129	27	27	1
1	1	1	7	29	1	1	1	130	27	27	2
1	1	1	7	31	1	1	1	131	27	27	3
1	1	1	7	32	1	1	1	132	27	27	4
1	1	2	2	34	1	1	1	133	27	27	5
1	1	2	2	33	1	1	1	134	27	27	6
1	1	2	2	35	1	1	1	135	27	27	7
1	1	2	2	36	1	1	1	136	27	27	8
1	1	1	7	27	1	1	1	137	27	27	9
1	1	1	7	28	1	1	1	138	27	27	10
1	1	1	7	26	1	1	1	139	27	27	11
1	1	1	7	25	1	1	1	140	27	27	12
1	1	2	2	41	1	1	1	141	27	27	13
1	1	2	2	38	1	1	1	142	27	27	14
1	1	2	2	37	1	1	1	143	27	27	15
1	1	2	2	39	1	1	1	144	27	27	16
1	1	1	7	22	1	1	1	145	27	27	17
1	1	1	7	21	1	1	1	146	27	27	18
1	1	1	7	23	1	1	1	147	27	27	19
1	1	1	7	24	1	1	1	148	27	27	20
1	1	2	2	40	1	1	1	149	27	27	21
1	1	2	2	43	1	1	1	150	27	27	22
1	1	2	2	44	1	1	1	151	27	27	23
1	1	2	2	42	1	1	1	152	27	27	24
1	1	1	7	19	1	1	1	153	27	27	25
1	1	1	7	20	1	1	1	154	27	27	26
1	1	1	7	18	1	1	1	155	27	27	27
1	1	1	7	17	1	1	1	156	27	27	28
1	1	2	2	47	1	1	1	157	27	27	29
1	1	2	2	48	1	1	1	158	27	27	30
1	1	2	2	46	1	1	1	159	27	27	31
1	1	2	2	45	1	1	1	160	27	27	32
1	1	1	7	14	1	1	1	161	27	27	33
1	1	1	7	13	1	1	1	162	27	27	34
1	1	1	7	15	1	1	1	163	27	27	35
1	1	1	7	16	1	1	1	164	27	27	36
1	1	2	2	50	1	1	1	165	27	27	37
1	1	2	2	49	1	1	1	166	27	27	38
1	1	2	2	51	1	1	1	167	27	27	39
1	1	2	2	52	1	1	1	168	27	27	40
1	1	1	7	11	1	1	1	169	27	27	41
1	1	1	7	12	1	1	1	170	27	27	42
1	1	1	7	10	1	1	1	171	27	27	43
1	1	1	7	9	1	1	1	172	27	27	44
1	1	2	2	57	1	1	1	173	27	27	45
1	1	2	2	54	1	1	1	174	27	27	46
1	1	2	2	53	1	1	1	175	27	27	47
1	1	2	2	55	1	1	1	176	27	27	48
1	1	1	7	6	1	1	1	177	27	27	49
1	1	1	7	5	1	1	1	178	27	27	50
1	1	1	7	7	1	1	1	179	27	27	51
1	1	1	7	8	1	1	1	180	27	27	52
1	1	2	2	56	1	1	1	181	27	27	53
1	1	2	2	59	1	1	1	182	27	27	54
1	1	2	2	60	1	1	1	183	27	27	55
1	1	2	2	58	1	1	1	184	27	27	56
1	1	1	7	3	1	1	1	185	27	27	57
1	1	1	7	4	1	1	1	186	27	27	58
1	1	1	7	2	1	1	1	187	27	27	59
1	1	1	7	1	1	1	1	188	27	27	60
1	1	2	2	64	1	1	1	189	27	27	61
1	1	2	2	63	1	1	1	190	27	27	62
1	1	2	2	62	1	1	1	191	27	27	63
1	1	2	2	61	1	1	1	192	27	27	64
1	1	1	7	61	1	1	1	193	27	27	65
1	1	1	7	62	1	1	1	194	27	27	66
1	1	1	7	63	1	1	1	195	27	27	67
1	1	1	7	64	1	1	1	196	27	27	68
1	1	2	2	1	1	1	1	197	27	27	69
1	1	2	2	2	1	1	1	198	27	27	70
1	1	2	2	4	1	1	1	199	27	27	71
1	1	2	2	3	1	1	1	200	27	27	72
1	1	1	7	58	1	1	1	201	27	27	73
1	1	1	7	60	1	1	1	202	27	27	74
1	1	1	7	59	1	1	1	203	27	27	75
1	1	1	7	56	1	1	1	204	27	27	76
1	1	2	2	8	1	1	1	205	27	27	77
1	1	2	2	7	1	1	1	206	27	27	78
1	1	2	2	5	1	1	1	207	27	27	79
1	1	2	2	6	1	1	1	208	27	27	80
1	1	1	7	55	1	1	1	209	27	27	81
1	1	1	7	53	1	1	1	210	27	27	82
1	1	1	7	54	1	1	1	211	27	27	83
1	1	1	7	57	1	1	1	212	27	27	84
1	1	2	2	9	1	1	1	213	27	27	85
1	1	2	2	10	1	1	1	214	27	27	86
1	1	2	2	12	1	1	2	1	27	27	87
1	1	2	2	11	1	1	2	2	27	27	88
1	1	1	7	52	1	1	2	3	27	27	89
1	1	1	7	51	1	1	2	4	27	27	90
1	1	1	7	49	1	1	2	5	27	27	91
1	1	1	7	50	1	1	2	6	27	27	92
1	1	2	2	16	1	1	2	7	27	27	93
1	1	2	2	15	1	1	2	8	27	27	94
1	1	2	2	13	1	1	2	9	27	27	95
1	1	2	2	14	1	1	2	10	27	27	96
1	1	1	7	45	1	1	2	11	27	27	97
1	1	1	7	46	1	1	2	12	27	27	98
1	1	1	7	48	1	1	2	13	27	27	99
1	1	1	7	47	1	1	2	14	27	27	100
1	1	2	2	17	1	1	2	15	27	27	101
1	1	2	2	18	1	1	2	16	27	27	102
1	1	2	2	20	1	1	2	17	27	27	103
1	1	2	2	19	1	1	2	18	27	27	104
1	1	1	7	42	1	1	2	19	27	27	105
1	1	1	7	44	1	1	2	20	27	27	106
1	1	1	7	43	1	1	2	21	27	27	107
1	1	1	7	40	1	1	2	22	27	27	108
1	1	2	2	24	1	1	2	23	27	27	109
1	1	2	2	23	1	1	2	24	27	27	110
1	1	2	2	21	1	1	2	25	27	27	111
1	1	2	2	22	1	1	2	26	27	27	112
1	1	1	7	39	1	1	2	27	27	27	113
1	1	1	7	37	1	1	2	28	27	27	114
1	1	1	7	38	1	1	2	29	27	27	115
1	1	1	7	41	1	1	2	30	27	27	116
1	1	2	2	25	1	1	2	31	27	27	117
1	1	2	2	26	1	1	2	32	27	27	118
1	1	2	2	28	1	1	2	33	27	27	119
1	1	2	2	27	1	1	2	34	27	27	120
1	1	1	7	36	1	1	2	35	27	27	121
1	1	1	7	35	1	1	2	36	27	27	122
1	1	1	7	33	1	1	2	37	27	27	123
1	1	1	7	34	1	1	2	38	27	27	124
1	1	2	2	32	1	1	2	39	27	27	125
1	1	2	2	31	1	1	2	40	27	27	126
1	1	2	2	29	1	1	2	41	27	27	127
1	1	2	2	30	1	1	2	42	27	27	128
1	1	1	8	30	1	4	1	129	17	17	1
1	1	1	8	29	1	4	1	130	17	17	2
1	1	1	8	31	1	4	1	131	17	17	3
1	1	1	8	32	1	4	1	132	17	17	4
1	1	2	1	34	1	4	1	133	17	17	5
1	1	2	1	33	1	4	1	134	17	17	6
1	1	2	1	35	1	4	1	135	17	17	7
1	1	2	1	36	1	4	1	136	17	17	8
1	1	1	8	27	1	4	1	137	17	17	9
1	1	1	8	28	1	4	1	138	17	17	10
1	1	1	8	26	1	4	1	139	17	17	11
1	1	1	8	25	1	4	1	140	17	17	12
1	1	2	1	41	1	4	1	141	17	17	13
1	1	2	1	38	1	4	1	142	17	17	14
1	1	2	1	37	1	4	1	143	17	17	15
1	1	2	1	39	1	4	1	144	17	17	16
1	1	1	8	22	1	4	1	145	17	17	17
1	1	1	8	21	1	4	1	146	17	17	18
1	1	1	8	23	1	4	1	147	17	17	19
1	1	1	8	24	1	4	1	148	17	17	20
1	1	2	1	40	1	4	1	149	17	17	21
1	1	2	1	43	1	4	1	150	17	17	22
1	1	2	1	44	1	4	1	151	17	17	23
1	1	2	1	42	1	4	1	152	17	17	24
1	1	1	8	19	1	4	1	153	17	17	25
1	1	1	8	20	1	4	1	154	17	17	26
1	1	1	8	18	1	4	1	155	17	17	27
1	1	1	8	17	1	4	1	156	17	17	28
1	1	2	1	47	1	4	1	157	17	17	29
1	1	2	1	48	1	4	1	158	17	17	30
1	1	2	1	46	1	4	1	159	17	17	31
1	1	2	1	45	1	4	1	160	17	17	32
1	1	1	8	14	1	4	1	161	17	17	33
1	1	1	8	13	1	4	1	162	17	17	34
1	1	1	8	15	1	4	1	163	17	17	35
1	1	1	8	16	1	4	1	164	17	17	36
1	1	2	1	50	1	4	1	165	17	17	37
1	1	2	1	49	1	4	1	166	17	17	38
1	1	2	1	51	1	4	1	167	17	17	39
1	1	2	1	52	1	4	1	168	17	17	40
1	1	1	8	11	1	4	1	169	17	17	41
1	1	1	8	12	1	4	1	170	17	17	42
1	1	1	8	10	1	4	1	171	17	17	43
1	1	1	8	9	1	4	1	172	17	17	44
1	1	2	1	57	1	4	1	173	17	17	45
1	1	2	1	54	1	4	1	174	17	17	46
1	1	2	1	53	1	4	1	175	17	17	47
1	1	2	1	55	1	4	1	176	17	17	48
1	1	1	8	6	1	4	1	177	17	17	49
1	1	1	8	5	1	4	1	178	17	17	50
1	1	1	8	7	1	4	1	179	17	17	51
1	1	1	8	8	1	4	1	180	17	17	52
1	1	2	1	56	1	4	1	181	17	17	53
1	1	2	1	59	1	4	1	182	17	17	54
1	1	2	1	60	1	4	1	183	17	17	55
1	1	2	1	58	1	4	1	184	17	17	56
1	1	1	8	3	1	4	1	185	17	17	57
1	1	1	8	4	1	4	1	186	17	17	58
1	1	1	8	2	1	4	1	187	17	17	59
1	1	1	8	1	1	4	1	188	17	17	60
1	1	2	1	64	1	4	1	189	17	17	61
1	1	2	1	63	1	4	1	190	17	17	62
1	1	2	1	62	1	4	1	191	17	17	63
1	1	2	1	61	1	4	1	192	17	17	64
1	1	1	8	61	1	4	1	193	17	17	65
1	1	1	8	62	1	4	1	194	17	17	66
1	1	1	8	63	1	4	1	195	17	17	67
1	1	1	8	64	1	4	1	196	17	17	68
1	1	2	1	1	1	4	1	197	17	17	69
1	1	2	1	2	1	4	1	198	17	17	70
1	1	2	1	4	1	4	1	199	17	17	71
1	1	2	1	3	1	4	1	200	17	17	72
1	1	1	8	58	1	4	1	201	17	17	73
1	1	1	8	60	1	4	1	202	17	17	74
1	1	1	8	59	1	4	1	203	17	17	75
1	1	1	8	56	1	4	1	204	17	17	76
1	1	2	1	8	1	4	1	205	17	17	77
1	1	2	1	7	1	4	1	206	17	17	78
1	1	2	1	5	1	4	1	207	17	17	79
1	1	2	1	6	1	4	1	208	17	17	80
1	1	1	8	55	1	4	1	209	17	17	81
1	1	1	8	53	1	4	1	210	17	17	82
1	1	1	8	54	1	4	1	211	17	17	83
1	1	1	8	57	1	4	1	212	17	17	84
1	1	2	1	9	1	4	1	213	17	17	85
1	1	2	1	10	1	4	1	214	17	17	86
1	1	2	1	12	1	4	2	1	17	17	87
1	1	2	1	11	1	4	2	2	17	17	88
1	1	1	8	52	1	4	2	3	17	17	89
1	1	1	8	51	1	4	2	4	17	17	90
1	1	1	8	49	1	4	2	5	17	17	91
1	1	1	8	50	1	4	2	6	17	17	92
1	1	2	1	16	1	4	2	7	17	17	93
1	1	2	1	15	1	4	2	8	17	17	94
1	1	2	1	13	1	4	2	9	17	17	95
1	1	2	1	14	1	4	2	10	17	17	96
1	1	1	8	45	1	4	2	11	17	17	97
1	1	1	8	46	1	4	2	12	17	17	98
1	1	1	8	48	1	4	2	13	17	17	99
1	1	1	8	47	1	4	2	14	17	17	100
1	1	2	1	17	1	4	2	15	17	17	101
1	1	2	1	18	1	4	2	16	17	17	102
1	1	2	1	20	1	4	2	17	17	17	103
1	1	2	1	19	1	4	2	18	17	17	104
1	1	1	8	42	1	4	2	19	17	17	105
1	1	1	8	44	1	4	2	20	17	17	106
1	1	1	8	43	1	4	2	21	17	17	107
1	1	1	8	40	1	4	2	22	17	17	108
1	1	2	1	24	1	4	2	23	17	17	109
1	1	2	1	23	1	4	2	24	17	17	110
1	1	2	1	21	1	4	2	25	17	17	111
1	1	2	1	22	1	4	2	26	17	17	112
1	1	1	8	39	1	4	2	27	17	17	113
1	1	1	8	37	1	4	2	28	17	17	114
1	1	1	8	38	1	4	2	29	17	17	115
1	1	1	8	41	1	4	2	30	17	17	116
1	1	2	1	25	1	4	2	31	17	17	117
1	1	2	1	26	1	4	2	32	17	17	118
1	1	2	1	28	1	4	2	33	17	17	119
1	1	2	1	27	1	4	2	34	17	17	120
1	1	1	8	36	1	4	2	35	17	17	121
1	1	1	8	35	1	4	2	36	17	17	122
1	1	1	8	33	1	4	2	37	17	17	123
1	1	1	8	34	1	4	2	38	17	17	124
1	1	2	1	32	1	4	2	39	17	17	125
1	1	2	1	31	1	4	2	40	17	17	126
1	1	2	1	29	1	4	2	41	17	17	127
1	1	2	1	30	1	4	2	42	17	17	128
1	2	1	4	30	1	4	2	171	19	19	1
1	2	1	4	29	1	4	2	172	19	19	2
1	2	1	4	31	1	4	2	173	19	19	3
1	2	1	4	32	1	4	2	174	19	19	4
1	2	2	5	34	1	4	2	175	19	19	5
1	2	2	5	33	1	4	2	176	19	19	6
1	2	2	5	35	1	4	2	177	19	19	7
1	2	2	5	36	1	4	2	178	19	19	8
1	2	1	4	27	1	4	2	179	19	19	9
1	2	1	4	28	1	4	2	180	19	19	10
1	2	1	4	26	1	4	2	181	19	19	11
1	2	1	4	25	1	4	2	182	19	19	12
1	2	2	5	41	1	4	2	183	19	19	13
1	2	2	5	38	1	4	2	184	19	19	14
1	2	2	5	37	1	4	2	185	19	19	15
1	2	2	5	39	1	4	2	186	19	19	16
1	2	1	4	22	1	4	2	187	19	19	17
1	2	1	4	21	1	4	2	188	19	19	18
1	2	1	4	23	1	4	2	189	19	19	19
1	2	1	4	24	1	4	2	190	19	19	20
1	2	2	5	40	1	4	2	191	19	19	21
1	2	2	5	43	1	4	2	192	19	19	22
1	2	2	5	44	1	4	2	193	19	19	23
1	2	2	5	42	1	4	2	194	19	19	24
1	2	1	4	19	1	4	2	195	19	19	25
1	2	1	4	20	1	4	2	196	19	19	26
1	2	1	4	18	1	4	2	197	19	19	27
1	2	1	4	17	1	4	2	198	19	19	28
1	2	2	5	47	1	4	2	199	19	19	29
1	2	2	5	48	1	4	2	200	19	19	30
1	2	2	5	46	1	4	2	201	19	19	31
1	2	2	5	45	1	4	2	202	19	19	32
1	2	1	4	14	1	4	2	203	19	19	33
1	2	1	4	13	1	4	2	204	19	19	34
1	2	1	4	15	1	4	2	205	19	19	35
1	2	1	4	16	1	4	2	206	19	19	36
1	2	2	5	50	1	4	2	207	19	19	37
1	2	2	5	49	1	4	2	208	19	19	38
1	2	2	5	51	1	4	2	209	19	19	39
1	2	2	5	52	1	4	2	210	19	19	40
1	2	1	4	11	1	4	2	211	19	19	41
1	2	1	4	12	1	4	2	212	19	19	42
1	2	1	4	10	1	4	3	1	19	19	43
1	2	1	4	9	1	4	3	2	19	19	44
1	2	2	5	57	1	4	3	3	19	19	45
1	2	2	5	54	1	4	3	4	19	19	46
1	2	2	5	53	1	4	3	5	19	19	47
1	2	2	5	55	1	4	3	6	19	19	48
1	2	1	4	6	1	4	3	7	19	19	49
1	2	1	4	5	1	4	3	8	19	19	50
1	2	1	4	7	1	4	3	9	19	19	51
1	2	1	4	8	1	4	3	10	19	19	52
1	2	2	5	56	1	4	3	11	19	19	53
1	2	2	5	59	1	4	3	12	19	19	54
1	2	2	5	60	1	4	3	13	19	19	55
1	2	2	5	58	1	4	3	14	19	19	56
1	2	1	4	3	1	4	3	15	19	19	57
1	2	1	4	4	1	4	3	16	19	19	58
1	2	1	4	2	1	4	3	17	19	19	59
1	2	1	4	1	1	4	3	18	19	19	60
1	2	2	5	64	1	4	3	19	19	19	61
1	2	2	5	63	1	4	3	20	19	19	62
1	2	2	5	62	1	4	3	21	19	19	63
1	2	2	5	61	1	4	3	22	19	19	64
1	2	1	4	61	1	4	3	23	19	19	65
1	2	1	4	62	1	4	3	24	19	19	66
1	2	1	4	63	1	4	3	25	19	19	67
1	2	1	4	64	1	4	3	26	19	19	68
1	2	2	5	1	1	4	3	27	19	19	69
1	2	2	5	2	1	4	3	28	19	19	70
1	2	2	5	4	1	4	3	29	19	19	71
1	2	2	5	3	1	4	3	30	19	19	72
1	2	1	4	58	1	4	3	31	19	19	73
1	2	1	4	60	1	4	3	32	19	19	74
1	2	1	4	59	1	4	3	33	19	19	75
1	2	1	4	56	1	4	3	34	19	19	76
1	2	2	5	8	1	4	3	35	19	19	77
1	2	2	5	7	1	4	3	36	19	19	78
1	2	2	5	5	1	4	3	37	19	19	79
1	2	2	5	6	1	4	3	38	19	19	80
1	2	1	4	55	1	4	3	39	19	19	81
1	2	1	4	53	1	4	3	40	19	19	82
1	2	1	4	54	1	4	3	41	19	19	83
1	2	1	4	57	1	4	3	42	19	19	84
1	2	2	5	9	1	4	3	43	19	19	85
1	2	2	5	10	1	4	3	44	19	19	86
1	2	2	5	12	1	4	3	45	19	19	87
1	2	2	5	11	1	4	3	46	19	19	88
1	2	1	4	52	1	4	3	47	19	19	89
1	2	1	4	51	1	4	3	48	19	19	90
1	2	1	4	49	1	4	3	49	19	19	91
1	2	1	4	50	1	4	3	50	19	19	92
1	2	2	5	16	1	4	3	51	19	19	93
1	2	2	5	15	1	4	3	52	19	19	94
1	2	2	5	13	1	4	3	53	19	19	95
1	2	2	5	14	1	4	3	54	19	19	96
1	2	1	4	45	1	4	3	55	19	19	97
1	2	1	4	46	1	4	3	56	19	19	98
1	2	1	4	48	1	4	3	57	19	19	99
1	2	1	4	47	1	4	3	58	19	19	100
1	2	2	5	17	1	4	3	59	19	19	101
1	2	2	5	18	1	4	3	60	19	19	102
1	2	2	5	20	1	4	3	61	19	19	103
1	2	2	5	19	1	4	3	62	19	19	104
1	2	1	4	42	1	4	3	63	19	19	105
1	2	1	4	44	1	4	3	64	19	19	106
1	2	1	4	43	1	4	3	65	19	19	107
1	2	1	4	40	1	4	3	66	19	19	108
1	2	2	5	24	1	4	3	67	19	19	109
1	2	2	5	23	1	4	3	68	19	19	110
1	2	2	5	21	1	4	3	69	19	19	111
1	2	2	5	22	1	4	3	70	19	19	112
1	2	1	4	39	1	4	3	71	19	19	113
1	2	1	4	37	1	4	3	72	19	19	114
1	2	1	4	38	1	4	3	73	19	19	115
1	2	1	4	41	1	4	3	74	19	19	116
1	2	2	5	25	1	4	3	75	19	19	117
1	2	2	5	26	1	4	3	76	19	19	118
1	2	2	5	28	1	4	3	77	19	19	119
1	2	2	5	27	1	4	3	78	19	19	120
1	2	1	4	36	1	4	3	79	19	19	121
1	2	1	4	35	1	4	3	80	19	19	122
1	2	1	4	33	1	4	3	81	19	19	123
1	2	1	4	34	1	4	3	82	19	19	124
1	2	2	5	32	1	4	3	83	19	19	125
1	2	2	5	31	1	4	3	84	19	19	126
1	2	2	5	29	1	4	3	85	19	19	127
1	2	2	5	30	1	4	3	86	19	19	128
1	2	1	5	30	1	2	1	129	32	32	1
1	2	1	5	29	1	2	1	130	32	32	2
1	2	1	5	31	1	2	1	131	32	32	3
1	2	1	5	32	1	2	1	132	32	32	4
1	2	2	4	34	1	2	1	133	32	32	5
1	2	2	4	33	1	2	1	134	32	32	6
1	2	2	4	35	1	2	1	135	32	32	7
1	2	2	4	36	1	2	1	136	32	32	8
1	2	1	5	27	1	2	1	137	32	32	9
1	2	1	5	28	1	2	1	138	32	32	10
1	2	1	5	26	1	2	1	139	32	32	11
1	2	1	5	25	1	2	1	140	32	32	12
1	2	2	4	41	1	2	1	141	32	32	13
1	2	2	4	38	1	2	1	142	32	32	14
1	2	2	4	37	1	2	1	143	32	32	15
1	2	2	4	39	1	2	1	144	32	32	16
1	2	1	5	22	1	2	1	145	32	32	17
1	2	1	5	21	1	2	1	146	32	32	18
1	2	1	5	23	1	2	1	147	32	32	19
1	2	1	5	24	1	2	1	148	32	32	20
1	2	2	4	40	1	2	1	149	32	32	21
1	2	2	4	43	1	2	1	150	32	32	22
1	2	2	4	44	1	2	1	151	32	32	23
1	2	2	4	42	1	2	1	152	32	32	24
1	2	1	5	19	1	2	1	153	32	32	25
1	2	1	5	20	1	2	1	154	32	32	26
1	2	1	5	18	1	2	1	155	32	32	27
1	2	1	5	17	1	2	1	156	32	32	28
1	2	2	4	47	1	2	1	157	32	32	29
1	2	2	4	48	1	2	1	158	32	32	30
1	2	2	4	46	1	2	1	159	32	32	31
1	2	2	4	45	1	2	1	160	32	32	32
1	2	1	5	14	1	2	1	161	32	32	33
1	2	1	5	13	1	2	1	162	32	32	34
1	2	1	5	15	1	2	1	163	32	32	35
1	2	1	5	16	1	2	1	164	32	32	36
1	2	2	4	50	1	2	1	165	32	32	37
1	2	2	4	49	1	2	1	166	32	32	38
1	2	2	4	51	1	2	1	167	32	32	39
1	2	2	4	52	1	2	1	168	32	32	40
1	2	1	5	11	1	2	1	169	32	32	41
1	2	1	5	12	1	2	1	170	32	32	42
1	2	1	5	10	1	2	1	171	32	32	43
1	2	1	5	9	1	2	1	172	32	32	44
1	2	2	4	57	1	2	1	173	32	32	45
1	2	2	4	54	1	2	1	174	32	32	46
1	2	2	4	53	1	2	1	175	32	32	47
1	2	2	4	55	1	2	1	176	32	32	48
1	2	1	5	6	1	2	1	177	32	32	49
1	2	1	5	5	1	2	1	178	32	32	50
1	2	1	5	7	1	2	1	179	32	32	51
1	2	1	5	8	1	2	1	180	32	32	52
1	2	2	4	56	1	2	1	181	32	32	53
1	2	2	4	59	1	2	1	182	32	32	54
1	2	2	4	60	1	2	1	183	32	32	55
1	2	2	4	58	1	2	1	184	32	32	56
1	2	1	5	3	1	2	1	185	32	32	57
1	2	1	5	4	1	2	1	186	32	32	58
1	2	1	5	2	1	2	1	187	32	32	59
1	2	1	5	1	1	2	1	188	32	32	60
1	2	2	4	64	1	2	1	189	32	32	61
1	2	2	4	63	1	2	1	190	32	32	62
1	2	2	4	62	1	2	1	191	32	32	63
1	2	2	4	61	1	2	1	192	32	32	64
1	2	1	5	61	1	2	1	193	32	32	65
1	2	1	5	62	1	2	1	194	32	32	66
1	2	1	5	63	1	2	1	195	32	32	67
1	2	1	5	64	1	2	1	196	32	32	68
1	2	2	4	1	1	2	1	197	32	32	69
1	2	2	4	2	1	2	1	198	32	32	70
1	2	2	4	4	1	2	1	199	32	32	71
1	2	2	4	3	1	2	1	200	32	32	72
1	2	1	5	58	1	2	1	201	32	32	73
1	2	1	5	60	1	2	1	202	32	32	74
1	2	1	5	59	1	2	1	203	32	32	75
1	2	1	5	56	1	2	1	204	32	32	76
1	2	2	4	8	1	2	1	205	32	32	77
1	2	2	4	7	1	2	1	206	32	32	78
1	2	2	4	5	1	2	1	207	32	32	79
1	2	2	4	6	1	2	1	208	32	32	80
1	2	1	5	55	1	2	1	209	32	32	81
1	2	1	5	53	1	2	1	210	32	32	82
1	2	1	5	54	1	2	1	211	32	32	83
1	2	1	5	57	1	2	1	212	32	32	84
1	2	2	4	9	1	2	1	213	32	32	85
1	2	2	4	10	1	2	1	214	32	32	86
1	2	2	4	12	1	2	2	1	32	32	87
1	2	2	4	11	1	2	2	2	32	32	88
1	2	1	5	52	1	2	2	3	32	32	89
1	2	1	5	51	1	2	2	4	32	32	90
1	2	1	5	49	1	2	2	5	32	32	91
1	2	1	5	50	1	2	2	6	32	32	92
1	2	2	4	16	1	2	2	7	32	32	93
1	2	2	4	15	1	2	2	8	32	32	94
1	2	2	4	13	1	2	2	9	32	32	95
1	2	2	4	14	1	2	2	10	32	32	96
1	2	1	5	45	1	2	2	11	32	32	97
1	2	1	5	46	1	2	2	12	32	32	98
1	2	1	5	48	1	2	2	13	32	32	99
1	2	1	5	47	1	2	2	14	32	32	100
1	2	2	4	17	1	2	2	15	32	32	101
1	2	2	4	18	1	2	2	16	32	32	102
1	2	2	4	20	1	2	2	17	32	32	103
1	2	2	4	19	1	2	2	18	32	32	104
1	2	1	5	42	1	2	2	19	32	32	105
1	2	1	5	44	1	2	2	20	32	32	106
1	2	1	5	43	1	2	2	21	32	32	107
1	2	1	5	40	1	2	2	22	32	32	108
1	2	2	4	24	1	2	2	23	32	32	109
1	2	2	4	23	1	2	2	24	32	32	110
1	2	2	4	21	1	2	2	25	32	32	111
1	2	2	4	22	1	2	2	26	32	32	112
1	2	1	5	39	1	2	2	27	32	32	113
1	2	1	5	37	1	2	2	28	32	32	114
1	2	1	5	38	1	2	2	29	32	32	115
1	2	1	5	41	1	2	2	30	32	32	116
1	2	2	4	25	1	2	2	31	32	32	117
1	2	2	4	26	1	2	2	32	32	32	118
1	2	2	4	28	1	2	2	33	32	32	119
1	2	2	4	27	1	2	2	34	32	32	120
1	2	1	5	36	1	2	2	35	32	32	121
1	2	1	5	35	1	2	2	36	32	32	122
1	2	1	5	33	1	2	2	37	32	32	123
1	2	1	5	34	1	2	2	38	32	32	124
1	2	2	4	32	1	2	2	39	32	32	125
1	2	2	4	31	1	2	2	40	32	32	126
1	2	2	4	29	1	2	2	41	32	32	127
1	2	2	4	30	1	2	2	42	32	32	128
1	2	1	6	30	1	2	2	171	34	34	1
1	2	1	6	29	1	2	2	172	34	34	2
1	2	1	6	31	1	2	2	173	34	34	3
1	2	1	6	32	1	2	2	174	34	34	4
1	2	2	3	34	1	2	2	175	34	34	5
1	2	2	3	33	1	2	2	176	34	34	6
1	2	2	3	35	1	2	2	177	34	34	7
1	2	2	3	36	1	2	2	178	34	34	8
1	2	1	6	27	1	2	2	179	34	34	9
1	2	1	6	28	1	2	2	180	34	34	10
1	2	1	6	26	1	2	2	181	34	34	11
1	2	1	6	25	1	2	2	182	34	34	12
1	2	2	3	41	1	2	2	183	34	34	13
1	2	2	3	38	1	2	2	184	34	34	14
1	2	2	3	37	1	2	2	185	34	34	15
1	2	2	3	39	1	2	2	186	34	34	16
1	2	1	6	22	1	2	2	187	34	34	17
1	2	1	6	21	1	2	2	188	34	34	18
1	2	1	6	23	1	2	2	189	34	34	19
1	2	1	6	24	1	2	2	190	34	34	20
1	2	2	3	40	1	2	2	191	34	34	21
1	2	2	3	43	1	2	2	192	34	34	22
1	2	2	3	44	1	2	2	193	34	34	23
1	2	2	3	42	1	2	2	194	34	34	24
1	2	1	6	19	1	2	2	195	34	34	25
1	2	1	6	20	1	2	2	196	34	34	26
1	2	1	6	18	1	2	2	197	34	34	27
1	2	1	6	17	1	2	2	198	34	34	28
1	2	2	3	47	1	2	2	199	34	34	29
1	2	2	3	48	1	2	2	200	34	34	30
1	2	2	3	46	1	2	2	201	34	34	31
1	2	2	3	45	1	2	2	202	34	34	32
1	2	1	6	14	1	2	2	203	34	34	33
1	2	1	6	13	1	2	2	204	34	34	34
1	2	1	6	15	1	2	2	205	34	34	35
1	2	1	6	16	1	2	2	206	34	34	36
1	2	2	3	50	1	2	2	207	34	34	37
1	2	2	3	49	1	2	2	208	34	34	38
1	2	2	3	51	1	2	2	209	34	34	39
1	2	2	3	52	1	2	2	210	34	34	40
1	2	1	6	11	1	2	2	211	34	34	41
1	2	1	6	12	1	2	2	212	34	34	42
1	2	1	6	10	1	2	3	1	34	34	43
1	2	1	6	9	1	2	3	2	34	34	44
1	2	2	3	57	1	2	3	3	34	34	45
1	2	2	3	54	1	2	3	4	34	34	46
1	2	2	3	53	1	2	3	5	34	34	47
1	2	2	3	55	1	2	3	6	34	34	48
1	2	1	6	6	1	2	3	7	34	34	49
1	2	1	6	5	1	2	3	8	34	34	50
1	2	1	6	7	1	2	3	9	34	34	51
1	2	1	6	8	1	2	3	10	34	34	52
1	2	2	3	56	1	2	3	11	34	34	53
1	2	2	3	59	1	2	3	12	34	34	54
1	2	2	3	60	1	2	3	13	34	34	55
1	2	2	3	58	1	2	3	14	34	34	56
1	2	1	6	3	1	2	3	15	34	34	57
1	2	1	6	4	1	2	3	16	34	34	58
1	2	1	6	2	1	2	3	17	34	34	59
1	2	1	6	1	1	2	3	18	34	34	60
1	2	2	3	64	1	2	3	19	34	34	61
1	2	2	3	63	1	2	3	20	34	34	62
1	2	2	3	62	1	2	3	21	34	34	63
1	2	2	3	61	1	2	3	22	34	34	64
1	2	1	6	61	1	2	3	23	34	34	65
1	2	1	6	62	1	2	3	24	34	34	66
1	2	1	6	63	1	2	3	25	34	34	67
1	2	1	6	64	1	2	3	26	34	34	68
1	2	2	3	1	1	2	3	27	34	34	69
1	2	2	3	2	1	2	3	28	34	34	70
1	2	2	3	4	1	2	3	29	34	34	71
1	2	2	3	3	1	2	3	30	34	34	72
1	2	1	6	58	1	2	3	31	34	34	73
1	2	1	6	60	1	2	3	32	34	34	74
1	2	1	6	59	1	2	3	33	34	34	75
1	2	1	6	56	1	2	3	34	34	34	76
1	2	2	3	8	1	2	3	35	34	34	77
1	2	2	3	7	1	2	3	36	34	34	78
1	2	2	3	5	1	2	3	37	34	34	79
1	2	2	3	6	1	2	3	38	34	34	80
1	2	1	6	55	1	2	3	39	34	34	81
1	2	1	6	53	1	2	3	40	34	34	82
1	2	1	6	54	1	2	3	41	34	34	83
1	2	1	6	57	1	2	3	42	34	34	84
1	2	2	3	9	1	2	3	43	34	34	85
1	2	2	3	10	1	2	3	44	34	34	86
1	2	2	3	12	1	2	3	45	34	34	87
1	2	2	3	11	1	2	3	46	34	34	88
1	2	1	6	52	1	2	3	47	34	34	89
1	2	1	6	51	1	2	3	48	34	34	90
1	2	1	6	49	1	2	3	49	34	34	91
1	2	1	6	50	1	2	3	50	34	34	92
1	2	2	3	16	1	2	3	51	34	34	93
1	2	2	3	15	1	2	3	52	34	34	94
1	2	2	3	13	1	2	3	53	34	34	95
1	2	2	3	14	1	2	3	54	34	34	96
1	2	1	6	45	1	2	3	55	34	34	97
1	2	1	6	46	1	2	3	56	34	34	98
1	2	1	6	48	1	2	3	57	34	34	99
1	2	1	6	47	1	2	3	58	34	34	100
1	2	2	3	17	1	2	3	59	34	34	101
1	2	2	3	18	1	2	3	60	34	34	102
1	2	2	3	20	1	2	3	61	34	34	103
1	2	2	3	19	1	2	3	62	34	34	104
1	2	1	6	42	1	2	3	63	34	34	105
1	2	1	6	44	1	2	3	64	34	34	106
1	2	1	6	43	1	2	3	65	34	34	107
1	2	1	6	40	1	2	3	66	34	34	108
1	2	2	3	24	1	2	3	67	34	34	109
1	2	2	3	23	1	2	3	68	34	34	110
1	2	2	3	21	1	2	3	69	34	34	111
1	2	2	3	22	1	2	3	70	34	34	112
1	2	1	6	39	1	2	3	71	34	34	113
1	2	1	6	37	1	2	3	72	34	34	114
1	2	1	6	38	1	2	3	73	34	34	115
1	2	1	6	41	1	2	3	74	34	34	116
1	2	2	3	25	1	2	3	75	34	34	117
1	2	2	3	26	1	2	3	76	34	34	118
1	2	2	3	28	1	2	3	77	34	34	119
1	2	2	3	27	1	2	3	78	34	34	120
1	2	1	6	36	1	2	3	79	34	34	121
1	2	1	6	35	1	2	3	80	34	34	122
1	2	1	6	33	1	2	3	81	34	34	123
1	2	1	6	34	1	2	3	82	34	34	124
1	2	2	3	32	1	2	3	83	34	34	125
1	2	2	3	31	1	2	3	84	34	34	126
1	2	2	3	29	1	2	3	85	34	34	127
1	2	2	3	30	1	2	3	86	34	34	128
1	2	1	7	30	1	1	1	1	26	26	1
1	2	1	7	29	1	1	1	2	26	26	2
1	2	1	7	31	1	1	1	3	26	26	3
1	2	1	7	32	1	1	1	4	26	26	4
1	2	2	2	34	1	1	1	5	26	26	5
1	2	2	2	33	1	1	1	6	26	26	6
1	2	2	2	35	1	1	1	7	26	26	7
1	2	2	2	36	1	1	1	8	26	26	8
1	2	1	7	27	1	1	1	9	26	26	9
1	2	1	7	28	1	1	1	10	26	26	10
1	2	1	7	26	1	1	1	11	26	26	11
1	2	1	7	25	1	1	1	12	26	26	12
1	2	2	2	41	1	1	1	13	26	26	13
1	2	2	2	38	1	1	1	14	26	26	14
1	2	2	2	37	1	1	1	15	26	26	15
1	2	2	2	39	1	1	1	16	26	26	16
1	2	1	7	22	1	1	1	17	26	26	17
1	2	1	7	21	1	1	1	18	26	26	18
1	2	1	7	23	1	1	1	19	26	26	19
1	2	1	7	24	1	1	1	20	26	26	20
1	2	2	2	40	1	1	1	21	26	26	21
1	2	2	2	43	1	1	1	22	26	26	22
1	2	2	2	44	1	1	1	23	26	26	23
1	2	2	2	42	1	1	1	24	26	26	24
1	2	1	7	19	1	1	1	25	26	26	25
1	2	1	7	20	1	1	1	26	26	26	26
1	2	1	7	18	1	1	1	27	26	26	27
1	2	1	7	17	1	1	1	28	26	26	28
1	2	2	2	47	1	1	1	29	26	26	29
1	2	2	2	48	1	1	1	30	26	26	30
1	2	2	2	46	1	1	1	31	26	26	31
1	2	2	2	45	1	1	1	32	26	26	32
1	2	1	7	14	1	1	1	33	26	26	33
1	2	1	7	13	1	1	1	34	26	26	34
1	2	1	7	15	1	1	1	35	26	26	35
1	2	1	7	16	1	1	1	36	26	26	36
1	2	2	2	50	1	1	1	37	26	26	37
1	2	2	2	49	1	1	1	38	26	26	38
1	2	2	2	51	1	1	1	39	26	26	39
1	2	2	2	52	1	1	1	40	26	26	40
1	2	1	7	11	1	1	1	41	26	26	41
1	2	1	7	12	1	1	1	42	26	26	42
1	2	1	7	10	1	1	1	43	26	26	43
1	2	1	7	9	1	1	1	44	26	26	44
1	2	2	2	57	1	1	1	45	26	26	45
1	2	2	2	54	1	1	1	46	26	26	46
1	2	2	2	53	1	1	1	47	26	26	47
1	2	2	2	55	1	1	1	48	26	26	48
1	2	1	7	6	1	1	1	49	26	26	49
1	2	1	7	5	1	1	1	50	26	26	50
1	2	1	7	7	1	1	1	51	26	26	51
1	2	1	7	8	1	1	1	52	26	26	52
1	2	2	2	56	1	1	1	53	26	26	53
1	2	2	2	59	1	1	1	54	26	26	54
1	2	2	2	60	1	1	1	55	26	26	55
1	2	2	2	58	1	1	1	56	26	26	56
1	2	1	7	3	1	1	1	57	26	26	57
1	2	1	7	4	1	1	1	58	26	26	58
1	2	1	7	2	1	1	1	59	26	26	59
1	2	1	7	1	1	1	1	60	26	26	60
1	2	2	2	64	1	1	1	61	26	26	61
1	2	2	2	63	1	1	1	62	26	26	62
1	2	2	2	62	1	1	1	63	26	26	63
1	2	2	2	61	1	1	1	64	26	26	64
1	2	1	7	61	1	1	1	65	26	26	65
1	2	1	7	62	1	1	1	66	26	26	66
1	2	1	7	63	1	1	1	67	26	26	67
1	2	1	7	64	1	1	1	68	26	26	68
1	2	2	2	1	1	1	1	69	26	26	69
1	2	2	2	2	1	1	1	70	26	26	70
1	2	2	2	4	1	1	1	71	26	26	71
1	2	2	2	3	1	1	1	72	26	26	72
1	2	1	7	58	1	1	1	73	26	26	73
1	2	1	7	60	1	1	1	74	26	26	74
1	2	1	7	59	1	1	1	75	26	26	75
1	2	1	7	56	1	1	1	76	26	26	76
1	2	2	2	8	1	1	1	77	26	26	77
1	2	2	2	7	1	1	1	78	26	26	78
1	2	2	2	5	1	1	1	79	26	26	79
1	2	2	2	6	1	1	1	80	26	26	80
1	2	1	7	55	1	1	1	81	26	26	81
1	2	1	7	53	1	1	1	82	26	26	82
1	2	1	7	54	1	1	1	83	26	26	83
1	2	1	7	57	1	1	1	84	26	26	84
1	2	2	2	9	1	1	1	85	26	26	85
1	2	2	2	10	1	1	1	86	26	26	86
1	2	2	2	12	1	1	1	87	26	26	87
1	2	2	2	11	1	1	1	88	26	26	88
1	2	1	7	52	1	1	1	89	26	26	89
1	2	1	7	51	1	1	1	90	26	26	90
1	2	1	7	49	1	1	1	91	26	26	91
1	2	1	7	50	1	1	1	92	26	26	92
1	2	2	2	16	1	1	1	93	26	26	93
1	2	2	2	15	1	1	1	94	26	26	94
1	2	2	2	13	1	1	1	95	26	26	95
1	2	2	2	14	1	1	1	96	26	26	96
1	2	1	7	45	1	1	1	97	26	26	97
1	2	1	7	46	1	1	1	98	26	26	98
1	2	1	7	48	1	1	1	99	26	26	99
1	2	1	7	47	1	1	1	100	26	26	100
1	2	2	2	17	1	1	1	101	26	26	101
1	2	2	2	18	1	1	1	102	26	26	102
1	2	2	2	20	1	1	1	103	26	26	103
1	2	2	2	19	1	1	1	104	26	26	104
1	2	1	7	42	1	1	1	105	26	26	105
1	2	1	7	44	1	1	1	106	26	26	106
1	2	1	7	43	1	1	1	107	26	26	107
1	2	1	7	40	1	1	1	108	26	26	108
1	2	2	2	24	1	1	1	109	26	26	109
1	2	2	2	23	1	1	1	110	26	26	110
1	2	2	2	21	1	1	1	111	26	26	111
1	2	2	2	22	1	1	1	112	26	26	112
1	2	1	7	39	1	1	1	113	26	26	113
1	2	1	7	37	1	1	1	114	26	26	114
1	2	1	7	38	1	1	1	115	26	26	115
1	2	1	7	41	1	1	1	116	26	26	116
1	2	2	2	25	1	1	1	117	26	26	117
1	2	2	2	26	1	1	1	118	26	26	118
1	2	2	2	28	1	1	1	119	26	26	119
1	2	2	2	27	1	1	1	120	26	26	120
1	2	1	7	36	1	1	1	121	26	26	121
1	2	1	7	35	1	1	1	122	26	26	122
1	2	1	7	33	1	1	1	123	26	26	123
1	2	1	7	34	1	1	1	124	26	26	124
1	2	2	2	32	1	1	1	125	26	26	125
1	2	2	2	31	1	1	1	126	26	26	126
1	2	2	2	29	1	1	1	127	26	26	127
1	2	2	2	30	1	1	1	128	26	26	128
1	2	1	8	30	1	2	1	1	31	31	1
1	2	1	8	29	1	2	1	2	31	31	2
1	2	1	8	31	1	2	1	3	31	31	3
1	2	1	8	32	1	2	1	4	31	31	4
1	2	2	1	34	1	2	1	5	31	31	5
1	2	2	1	33	1	2	1	6	31	31	6
1	2	2	1	35	1	2	1	7	31	31	7
1	2	2	1	36	1	2	1	8	31	31	8
1	2	1	8	27	1	2	1	9	31	31	9
1	2	1	8	28	1	2	1	10	31	31	10
1	2	1	8	26	1	2	1	11	31	31	11
1	2	1	8	25	1	2	1	12	31	31	12
1	2	2	1	41	1	2	1	13	31	31	13
1	2	2	1	38	1	2	1	14	31	31	14
1	2	2	1	37	1	2	1	15	31	31	15
1	2	2	1	39	1	2	1	16	31	31	16
1	2	1	8	22	1	2	1	17	31	31	17
1	2	1	8	21	1	2	1	18	31	31	18
1	2	1	8	23	1	2	1	19	31	31	19
1	2	1	8	24	1	2	1	20	31	31	20
1	2	2	1	40	1	2	1	21	31	31	21
1	2	2	1	43	1	2	1	22	31	31	22
1	2	2	1	44	1	2	1	23	31	31	23
1	2	2	1	42	1	2	1	24	31	31	24
1	2	1	8	19	1	2	1	25	31	31	25
1	2	1	8	20	1	2	1	26	31	31	26
1	2	1	8	18	1	2	1	27	31	31	27
1	2	1	8	17	1	2	1	28	31	31	28
1	2	2	1	47	1	2	1	29	31	31	29
1	2	2	1	48	1	2	1	30	31	31	30
1	2	2	1	46	1	2	1	31	31	31	31
1	2	2	1	45	1	2	1	32	31	31	32
1	2	1	8	14	1	2	1	33	31	31	33
1	2	1	8	13	1	2	1	34	31	31	34
1	2	1	8	15	1	2	1	35	31	31	35
1	2	1	8	16	1	2	1	36	31	31	36
1	2	2	1	50	1	2	1	37	31	31	37
1	2	2	1	49	1	2	1	38	31	31	38
1	2	2	1	51	1	2	1	39	31	31	39
1	2	2	1	52	1	2	1	40	31	31	40
1	2	1	8	11	1	2	1	41	31	31	41
1	2	1	8	12	1	2	1	42	31	31	42
1	2	1	8	10	1	2	1	43	31	31	43
1	2	1	8	9	1	2	1	44	31	31	44
1	2	2	1	57	1	2	1	45	31	31	45
1	2	2	1	54	1	2	1	46	31	31	46
1	2	2	1	53	1	2	1	47	31	31	47
1	2	2	1	55	1	2	1	48	31	31	48
1	2	1	8	6	1	2	1	49	31	31	49
1	2	1	8	5	1	2	1	50	31	31	50
1	2	1	8	7	1	2	1	51	31	31	51
1	2	1	8	8	1	2	1	52	31	31	52
1	2	2	1	56	1	2	1	53	31	31	53
1	2	2	1	59	1	2	1	54	31	31	54
1	2	2	1	60	1	2	1	55	31	31	55
1	2	2	1	58	1	2	1	56	31	31	56
1	2	1	8	3	1	2	1	57	31	31	57
1	2	1	8	4	1	2	1	58	31	31	58
1	2	1	8	2	1	2	1	59	31	31	59
1	2	1	8	1	1	2	1	60	31	31	60
1	2	2	1	64	1	2	1	61	31	31	61
1	2	2	1	63	1	2	1	62	31	31	62
1	2	2	1	62	1	2	1	63	31	31	63
1	2	2	1	61	1	2	1	64	31	31	64
1	2	1	8	61	1	2	1	65	31	31	65
1	2	1	8	62	1	2	1	66	31	31	66
1	2	1	8	63	1	2	1	67	31	31	67
1	2	1	8	64	1	2	1	68	31	31	68
1	2	2	1	1	1	2	1	69	31	31	69
1	2	2	1	2	1	2	1	70	31	31	70
1	2	2	1	4	1	2	1	71	31	31	71
1	2	2	1	3	1	2	1	72	31	31	72
1	2	1	8	58	1	2	1	73	31	31	73
1	2	1	8	60	1	2	1	74	31	31	74
1	2	1	8	59	1	2	1	75	31	31	75
1	2	1	8	56	1	2	1	76	31	31	76
1	2	2	1	8	1	2	1	77	31	31	77
1	2	2	1	7	1	2	1	78	31	31	78
1	2	2	1	5	1	2	1	79	31	31	79
1	2	2	1	6	1	2	1	80	31	31	80
1	2	1	8	55	1	2	1	81	31	31	81
1	2	1	8	53	1	2	1	82	31	31	82
1	2	1	8	54	1	2	1	83	31	31	83
1	2	1	8	57	1	2	1	84	31	31	84
1	2	2	1	9	1	2	1	85	31	31	85
1	2	2	1	10	1	2	1	86	31	31	86
1	2	2	1	12	1	2	1	87	31	31	87
1	2	2	1	11	1	2	1	88	31	31	88
1	2	1	8	52	1	2	1	89	31	31	89
1	2	1	8	51	1	2	1	90	31	31	90
1	2	1	8	49	1	2	1	91	31	31	91
1	2	1	8	50	1	2	1	92	31	31	92
1	2	2	1	16	1	2	1	93	31	31	93
1	2	2	1	15	1	2	1	94	31	31	94
1	2	2	1	13	1	2	1	95	31	31	95
1	2	2	1	14	1	2	1	96	31	31	96
1	2	1	8	45	1	2	1	97	31	31	97
1	2	1	8	46	1	2	1	98	31	31	98
1	2	1	8	48	1	2	1	99	31	31	99
1	2	1	8	47	1	2	1	100	31	31	100
1	2	2	1	17	1	2	1	101	31	31	101
1	2	2	1	18	1	2	1	102	31	31	102
1	2	2	1	20	1	2	1	103	31	31	103
1	2	2	1	19	1	2	1	104	31	31	104
1	2	1	8	42	1	2	1	105	31	31	105
1	2	1	8	44	1	2	1	106	31	31	106
1	2	1	8	43	1	2	1	107	31	31	107
1	2	1	8	40	1	2	1	108	31	31	108
1	2	2	1	24	1	2	1	109	31	31	109
1	2	2	1	23	1	2	1	110	31	31	110
1	2	2	1	21	1	2	1	111	31	31	111
1	2	2	1	22	1	2	1	112	31	31	112
1	2	1	8	39	1	2	1	113	31	31	113
1	2	1	8	37	1	2	1	114	31	31	114
1	2	1	8	38	1	2	1	115	31	31	115
1	2	1	8	41	1	2	1	116	31	31	116
1	2	2	1	25	1	2	1	117	31	31	117
1	2	2	1	26	1	2	1	118	31	31	118
1	2	2	1	28	1	2	1	119	31	31	119
1	2	2	1	27	1	2	1	120	31	31	120
1	2	1	8	36	1	2	1	121	31	31	121
1	2	1	8	35	1	2	1	122	31	31	122
1	2	1	8	33	1	2	1	123	31	31	123
1	2	1	8	34	1	2	1	124	31	31	124
1	2	2	1	32	1	2	1	125	31	31	125
1	2	2	1	31	1	2	1	126	31	31	126
1	2	2	1	29	1	2	1	127	31	31	127
1	2	2	1	30	1	2	1	128	31	31	128
2	1	1	3	30	1	3	3	87	25	25	1
2	1	1	3	29	1	3	3	88	25	25	2
2	1	1	3	31	1	3	3	89	25	25	3
2	1	1	3	32	1	3	3	90	25	25	4
2	1	2	6	34	1	3	3	91	25	25	5
2	1	2	6	33	1	3	3	92	25	25	6
2	1	2	6	35	1	3	3	93	25	25	7
2	1	2	6	36	1	3	3	94	25	25	8
2	1	1	3	27	1	3	3	95	25	25	9
2	1	1	3	28	1	3	3	96	25	25	10
2	1	1	3	26	1	3	3	97	25	25	11
2	1	1	3	25	1	3	3	98	25	25	12
2	1	2	6	41	1	3	3	99	25	25	13
2	1	2	6	38	1	3	3	100	25	25	14
2	1	2	6	37	1	3	3	101	25	25	15
2	1	2	6	39	1	3	3	102	25	25	16
2	1	1	3	22	1	3	3	103	25	25	17
2	1	1	3	21	1	3	3	104	25	25	18
2	1	1	3	23	1	3	3	105	25	25	19
2	1	1	3	24	1	3	3	106	25	25	20
2	1	2	6	40	1	3	3	107	25	25	21
2	1	2	6	43	1	3	3	108	25	25	22
2	1	2	6	44	1	3	3	109	25	25	23
2	1	2	6	42	1	3	3	110	25	25	24
2	1	1	3	19	1	3	3	111	25	25	25
2	1	1	3	20	1	3	3	112	25	25	26
2	1	1	3	18	1	3	3	113	25	25	27
2	1	1	3	17	1	3	3	114	25	25	28
2	1	2	6	47	1	3	3	115	25	25	29
2	1	2	6	48	1	3	3	116	25	25	30
2	1	2	6	46	1	3	3	117	25	25	31
2	1	2	6	45	1	3	3	118	25	25	32
2	1	1	3	14	1	3	3	119	25	25	33
2	1	1	3	13	1	3	3	120	25	25	34
2	1	1	3	15	1	3	3	121	25	25	35
2	1	1	3	16	1	3	3	122	25	25	36
2	1	2	6	50	1	3	3	123	25	25	37
2	1	2	6	49	1	3	3	124	25	25	38
2	1	2	6	51	1	3	3	125	25	25	39
2	1	2	6	52	1	3	3	126	25	25	40
2	1	1	3	11	1	3	3	127	25	25	41
2	1	1	3	12	1	3	3	128	25	25	42
2	1	1	3	10	1	3	3	129	25	25	43
2	1	1	3	9	1	3	3	130	25	25	44
2	1	2	6	57	1	3	3	131	25	25	45
2	1	2	6	54	1	3	3	132	25	25	46
2	1	2	6	53	1	3	3	133	25	25	47
2	1	2	6	55	1	3	3	134	25	25	48
2	1	1	3	6	1	3	3	135	25	25	49
2	1	1	3	5	1	3	3	136	25	25	50
2	1	1	3	7	1	3	3	137	25	25	51
2	1	1	3	8	1	3	3	138	25	25	52
2	1	2	6	56	1	3	3	139	25	25	53
2	1	2	6	59	1	3	3	140	25	25	54
2	1	2	6	60	1	3	3	141	25	25	55
2	1	2	6	58	1	3	3	142	25	25	56
2	1	1	3	3	1	3	3	143	25	25	57
2	1	1	3	4	1	3	3	144	25	25	58
2	1	1	3	2	1	3	3	145	25	25	59
2	1	1	3	1	1	3	3	146	25	25	60
2	1	2	6	64	1	3	3	147	25	25	61
2	1	2	6	63	1	3	3	148	25	25	62
2	1	2	6	62	1	3	3	149	25	25	63
2	1	2	6	61	1	3	3	150	25	25	64
2	1	1	3	61	1	3	3	151	25	25	65
2	1	1	3	62	1	3	3	152	25	25	66
2	1	1	3	63	1	3	3	153	25	25	67
2	1	1	3	64	1	3	3	154	25	25	68
2	1	2	6	1	1	3	3	155	25	25	69
2	1	2	6	2	1	3	3	156	25	25	70
2	1	2	6	4	1	3	3	157	25	25	71
2	1	2	6	3	1	3	3	158	25	25	72
2	1	1	3	58	1	3	3	159	25	25	73
2	1	1	3	60	1	3	3	160	25	25	74
2	1	1	3	59	1	3	3	161	25	25	75
2	1	1	3	56	1	3	3	162	25	25	76
2	1	2	6	8	1	3	3	163	25	25	77
2	1	2	6	7	1	3	3	164	25	25	78
2	1	2	6	5	1	3	3	165	25	25	79
2	1	2	6	6	1	3	3	166	25	25	80
2	1	1	3	55	1	3	3	167	25	25	81
2	1	1	3	53	1	3	3	168	25	25	82
2	1	1	3	54	1	3	3	169	25	25	83
2	1	1	3	57	1	3	3	170	25	25	84
2	1	2	6	9	1	3	3	171	25	25	85
2	1	2	6	10	1	3	3	172	25	25	86
2	1	2	6	12	1	3	3	173	25	25	87
2	1	2	6	11	1	3	3	174	25	25	88
2	1	1	3	52	1	3	3	175	25	25	89
2	1	1	3	51	1	3	3	176	25	25	90
2	1	1	3	49	1	3	3	177	25	25	91
2	1	1	3	50	1	3	3	178	25	25	92
2	1	2	6	16	1	3	3	179	25	25	93
2	1	2	6	15	1	3	3	180	25	25	94
2	1	2	6	13	1	3	3	181	25	25	95
2	1	2	6	14	1	3	3	182	25	25	96
2	1	1	3	45	1	3	3	183	25	25	97
2	1	1	3	46	1	3	3	184	25	25	98
2	1	1	3	48	1	3	3	185	25	25	99
2	1	1	3	47	1	3	3	186	25	25	100
2	1	2	6	17	1	3	3	187	25	25	101
2	1	2	6	18	1	3	3	188	25	25	102
2	1	2	6	20	1	3	3	189	25	25	103
2	1	2	6	19	1	3	3	190	25	25	104
2	1	1	3	42	1	3	3	191	25	25	105
2	1	1	3	44	1	3	3	192	25	25	106
2	1	1	3	43	1	3	3	193	25	25	107
2	1	1	3	40	1	3	3	194	25	25	108
2	1	2	6	24	1	3	3	195	25	25	109
2	1	2	6	23	1	3	3	196	25	25	110
2	1	2	6	21	1	3	3	197	25	25	111
2	1	2	6	22	1	3	3	198	25	25	112
2	1	1	3	39	1	3	3	199	25	25	113
2	1	1	3	37	1	3	3	200	25	25	114
2	1	1	3	38	1	3	3	201	25	25	115
2	1	1	3	41	1	3	3	202	25	25	116
2	1	2	6	25	1	3	3	203	25	25	117
2	1	2	6	26	1	3	3	204	25	25	118
2	1	2	6	28	1	3	3	205	25	25	119
2	1	2	6	27	1	3	3	206	25	25	120
2	1	1	3	36	1	3	3	207	25	25	121
2	1	1	3	35	1	3	3	208	25	25	122
2	1	1	3	33	1	3	3	209	25	25	123
2	1	1	3	34	1	3	3	210	25	25	124
2	1	2	6	32	1	3	3	211	25	25	125
2	1	2	6	31	1	3	3	212	25	25	126
2	1	2	6	29	1	3	3	213	25	25	127
2	1	2	6	30	1	3	3	214	25	25	128
2	1	1	4	30	1	2	3	87	35	35	1
2	1	1	4	29	1	2	3	88	35	35	2
2	1	1	4	31	1	2	3	89	35	35	3
2	1	1	4	32	1	2	3	90	35	35	4
2	1	2	5	34	1	2	3	91	35	35	5
2	1	2	5	33	1	2	3	92	35	35	6
2	1	2	5	35	1	2	3	93	35	35	7
2	1	2	5	36	1	2	3	94	35	35	8
2	1	1	4	27	1	2	3	95	35	35	9
2	1	1	4	28	1	2	3	96	35	35	10
2	1	1	4	26	1	2	3	97	35	35	11
2	1	1	4	25	1	2	3	98	35	35	12
2	1	2	5	41	1	2	3	99	35	35	13
2	1	2	5	38	1	2	3	100	35	35	14
2	1	2	5	37	1	2	3	101	35	35	15
2	1	2	5	39	1	2	3	102	35	35	16
2	1	1	4	22	1	2	3	103	35	35	17
2	1	1	4	21	1	2	3	104	35	35	18
2	1	1	4	23	1	2	3	105	35	35	19
2	1	1	4	24	1	2	3	106	35	35	20
2	1	2	5	40	1	2	3	107	35	35	21
2	1	2	5	43	1	2	3	108	35	35	22
2	1	2	5	44	1	2	3	109	35	35	23
2	1	2	5	42	1	2	3	110	35	35	24
2	1	1	4	19	1	2	3	111	35	35	25
2	1	1	4	20	1	2	3	112	35	35	26
2	1	1	4	18	1	2	3	113	35	35	27
2	1	1	4	17	1	2	3	114	35	35	28
2	1	2	5	47	1	2	3	115	35	35	29
2	1	2	5	48	1	2	3	116	35	35	30
2	1	2	5	46	1	2	3	117	35	35	31
2	1	2	5	45	1	2	3	118	35	35	32
2	1	1	4	14	1	2	3	119	35	35	33
2	1	1	4	13	1	2	3	120	35	35	34
2	1	1	4	15	1	2	3	121	35	35	35
2	1	1	4	16	1	2	3	122	35	35	36
2	1	2	5	50	1	2	3	123	35	35	37
2	1	2	5	49	1	2	3	124	35	35	38
2	1	2	5	51	1	2	3	125	35	35	39
2	1	2	5	52	1	2	3	126	35	35	40
2	1	1	4	11	1	2	3	127	35	35	41
2	1	1	4	12	1	2	3	128	35	35	42
2	1	1	4	10	1	2	3	129	35	35	43
2	1	1	4	9	1	2	3	130	35	35	44
2	1	2	5	57	1	2	3	131	35	35	45
2	1	2	5	54	1	2	3	132	35	35	46
2	1	2	5	53	1	2	3	133	35	35	47
2	1	2	5	55	1	2	3	134	35	35	48
2	1	1	4	6	1	2	3	135	35	35	49
2	1	1	4	5	1	2	3	136	35	35	50
2	1	1	4	7	1	2	3	137	35	35	51
2	1	1	4	8	1	2	3	138	35	35	52
2	1	2	5	56	1	2	3	139	35	35	53
2	1	2	5	59	1	2	3	140	35	35	54
2	1	2	5	60	1	2	3	141	35	35	55
2	1	2	5	58	1	2	3	142	35	35	56
2	1	1	4	3	1	2	3	143	35	35	57
2	1	1	4	4	1	2	3	144	35	35	58
2	1	1	4	2	1	2	3	145	35	35	59
2	1	1	4	1	1	2	3	146	35	35	60
2	1	2	5	64	1	2	3	147	35	35	61
2	1	2	5	63	1	2	3	148	35	35	62
2	1	2	5	62	1	2	3	149	35	35	63
2	1	2	5	61	1	2	3	150	35	35	64
2	1	1	4	61	1	2	3	151	35	35	65
2	1	1	4	62	1	2	3	152	35	35	66
2	1	1	4	63	1	2	3	153	35	35	67
2	1	1	4	64	1	2	3	154	35	35	68
2	1	2	5	1	1	2	3	155	35	35	69
2	1	2	5	2	1	2	3	156	35	35	70
2	1	2	5	4	1	2	3	157	35	35	71
2	1	2	5	3	1	2	3	158	35	35	72
2	1	1	4	58	1	2	3	159	35	35	73
2	1	1	4	60	1	2	3	160	35	35	74
2	1	1	4	59	1	2	3	161	35	35	75
2	1	1	4	56	1	2	3	162	35	35	76
2	1	2	5	8	1	2	3	163	35	35	77
2	1	2	5	7	1	2	3	164	35	35	78
2	1	2	5	5	1	2	3	165	35	35	79
2	1	2	5	6	1	2	3	166	35	35	80
2	1	1	4	55	1	2	3	167	35	35	81
2	1	1	4	53	1	2	3	168	35	35	82
2	1	1	4	54	1	2	3	169	35	35	83
2	1	1	4	57	1	2	3	170	35	35	84
2	1	2	5	9	1	2	3	171	35	35	85
2	1	2	5	10	1	2	3	172	35	35	86
2	1	2	5	12	1	2	3	173	35	35	87
2	1	2	5	11	1	2	3	174	35	35	88
2	1	1	4	52	1	2	3	175	35	35	89
2	1	1	4	51	1	2	3	176	35	35	90
2	1	1	4	49	1	2	3	177	35	35	91
2	1	1	4	50	1	2	3	178	35	35	92
2	1	2	5	16	1	2	3	179	35	35	93
2	1	2	5	15	1	2	3	180	35	35	94
2	1	2	5	13	1	2	3	181	35	35	95
2	1	2	5	14	1	2	3	182	35	35	96
2	1	1	4	45	1	2	3	183	35	35	97
2	1	1	4	46	1	2	3	184	35	35	98
2	1	1	4	48	1	2	3	185	35	35	99
2	1	1	4	47	1	2	3	186	35	35	100
2	1	2	5	17	1	2	3	187	35	35	101
2	1	2	5	18	1	2	3	188	35	35	102
2	1	2	5	20	1	2	3	189	35	35	103
2	1	2	5	19	1	2	3	190	35	35	104
2	1	1	4	42	1	2	3	191	35	35	105
2	1	1	4	44	1	2	3	192	35	35	106
2	1	1	4	43	1	2	3	193	35	35	107
2	1	1	4	40	1	2	3	194	35	35	108
2	1	2	5	24	1	2	3	195	35	35	109
2	1	2	5	23	1	2	3	196	35	35	110
2	1	2	5	21	1	2	3	197	35	35	111
2	1	2	5	22	1	2	3	198	35	35	112
2	1	1	4	39	1	2	3	199	35	35	113
2	1	1	4	37	1	2	3	200	35	35	114
2	1	1	4	38	1	2	3	201	35	35	115
2	1	1	4	41	1	2	3	202	35	35	116
2	1	2	5	25	1	2	3	203	35	35	117
2	1	2	5	26	1	2	3	204	35	35	118
2	1	2	5	28	1	2	3	205	35	35	119
2	1	2	5	27	1	2	3	206	35	35	120
2	1	1	4	36	1	2	3	207	35	35	121
2	1	1	4	35	1	2	3	208	35	35	122
2	1	1	4	33	1	2	3	209	35	35	123
2	1	1	4	34	1	2	3	210	35	35	124
2	1	2	5	32	1	2	3	211	35	35	125
2	1	2	5	31	1	2	3	212	35	35	126
2	1	2	5	29	1	2	3	213	35	35	127
2	1	2	5	30	1	2	3	214	35	35	128
2	1	1	5	30	1	3	1	129	22	22	1
2	1	1	5	29	1	3	1	130	22	22	2
2	1	1	5	31	1	3	1	131	22	22	3
2	1	1	5	32	1	3	1	132	22	22	4
2	1	2	4	34	1	3	1	133	22	22	5
2	1	2	4	33	1	3	1	134	22	22	6
2	1	2	4	35	1	3	1	135	22	22	7
2	1	2	4	36	1	3	1	136	22	22	8
2	1	1	5	27	1	3	1	137	22	22	9
2	1	1	5	28	1	3	1	138	22	22	10
2	1	1	5	26	1	3	1	139	22	22	11
2	1	1	5	25	1	3	1	140	22	22	12
2	1	2	4	41	1	3	1	141	22	22	13
2	1	2	4	38	1	3	1	142	22	22	14
2	1	2	4	37	1	3	1	143	22	22	15
2	1	2	4	39	1	3	1	144	22	22	16
2	1	1	5	22	1	3	1	145	22	22	17
2	1	1	5	21	1	3	1	146	22	22	18
2	1	1	5	23	1	3	1	147	22	22	19
2	1	1	5	24	1	3	1	148	22	22	20
2	1	2	4	40	1	3	1	149	22	22	21
2	1	2	4	43	1	3	1	150	22	22	22
2	1	2	4	44	1	3	1	151	22	22	23
2	1	2	4	42	1	3	1	152	22	22	24
2	1	1	5	19	1	3	1	153	22	22	25
2	1	1	5	20	1	3	1	154	22	22	26
2	1	1	5	18	1	3	1	155	22	22	27
2	1	1	5	17	1	3	1	156	22	22	28
2	1	2	4	47	1	3	1	157	22	22	29
2	1	2	4	48	1	3	1	158	22	22	30
2	1	2	4	46	1	3	1	159	22	22	31
2	1	2	4	45	1	3	1	160	22	22	32
2	1	1	5	14	1	3	1	161	22	22	33
2	1	1	5	13	1	3	1	162	22	22	34
2	1	1	5	15	1	3	1	163	22	22	35
2	1	1	5	16	1	3	1	164	22	22	36
2	1	2	4	50	1	3	1	165	22	22	37
2	1	2	4	49	1	3	1	166	22	22	38
2	1	2	4	51	1	3	1	167	22	22	39
2	1	2	4	52	1	3	1	168	22	22	40
2	1	1	5	11	1	3	1	169	22	22	41
2	1	1	5	12	1	3	1	170	22	22	42
2	1	1	5	10	1	3	1	171	22	22	43
2	1	1	5	9	1	3	1	172	22	22	44
2	1	2	4	57	1	3	1	173	22	22	45
2	1	2	4	54	1	3	1	174	22	22	46
2	1	2	4	53	1	3	1	175	22	22	47
2	1	2	4	55	1	3	1	176	22	22	48
2	1	1	5	6	1	3	1	177	22	22	49
2	1	1	5	5	1	3	1	178	22	22	50
2	1	1	5	7	1	3	1	179	22	22	51
2	1	1	5	8	1	3	1	180	22	22	52
2	1	2	4	56	1	3	1	181	22	22	53
2	1	2	4	59	1	3	1	182	22	22	54
2	1	2	4	60	1	3	1	183	22	22	55
2	1	2	4	58	1	3	1	184	22	22	56
2	1	1	5	3	1	3	1	185	22	22	57
2	1	1	5	4	1	3	1	186	22	22	58
2	1	1	5	2	1	3	1	187	22	22	59
2	1	1	5	1	1	3	1	188	22	22	60
2	1	2	4	64	1	3	1	189	22	22	61
2	1	2	4	63	1	3	1	190	22	22	62
2	1	2	4	62	1	3	1	191	22	22	63
2	1	2	4	61	1	3	1	192	22	22	64
2	1	1	5	61	1	3	1	193	22	22	65
2	1	1	5	62	1	3	1	194	22	22	66
2	1	1	5	63	1	3	1	195	22	22	67
2	1	1	5	64	1	3	1	196	22	22	68
2	1	2	4	1	1	3	1	197	22	22	69
2	1	2	4	2	1	3	1	198	22	22	70
2	1	2	4	4	1	3	1	199	22	22	71
2	1	2	4	3	1	3	1	200	22	22	72
2	1	1	5	58	1	3	1	201	22	22	73
2	1	1	5	60	1	3	1	202	22	22	74
2	1	1	5	59	1	3	1	203	22	22	75
2	1	1	5	56	1	3	1	204	22	22	76
2	1	2	4	8	1	3	1	205	22	22	77
2	1	2	4	7	1	3	1	206	22	22	78
2	1	2	4	5	1	3	1	207	22	22	79
2	1	2	4	6	1	3	1	208	22	22	80
2	1	1	5	55	1	3	1	209	22	22	81
2	1	1	5	53	1	3	1	210	22	22	82
2	1	1	5	54	1	3	1	211	22	22	83
2	1	1	5	57	1	3	1	212	22	22	84
2	1	2	4	9	1	3	1	213	22	22	85
2	1	2	4	10	1	3	1	214	22	22	86
2	1	2	4	12	1	3	2	1	22	22	87
2	1	2	4	11	1	3	2	2	22	22	88
2	1	1	5	52	1	3	2	3	22	22	89
2	1	1	5	51	1	3	2	4	22	22	90
2	1	1	5	49	1	3	2	5	22	22	91
2	1	1	5	50	1	3	2	6	22	22	92
2	1	2	4	16	1	3	2	7	22	22	93
2	1	2	4	15	1	3	2	8	22	22	94
2	1	2	4	13	1	3	2	9	22	22	95
2	1	2	4	14	1	3	2	10	22	22	96
2	1	1	5	45	1	3	2	11	22	22	97
2	1	1	5	46	1	3	2	12	22	22	98
2	1	1	5	48	1	3	2	13	22	22	99
2	1	1	5	47	1	3	2	14	22	22	100
2	1	2	4	17	1	3	2	15	22	22	101
2	1	2	4	18	1	3	2	16	22	22	102
2	1	2	4	20	1	3	2	17	22	22	103
2	1	2	4	19	1	3	2	18	22	22	104
2	1	1	5	42	1	3	2	19	22	22	105
2	1	1	5	44	1	3	2	20	22	22	106
2	1	1	5	43	1	3	2	21	22	22	107
2	1	1	5	40	1	3	2	22	22	22	108
2	1	2	4	24	1	3	2	23	22	22	109
2	1	2	4	23	1	3	2	24	22	22	110
2	1	2	4	21	1	3	2	25	22	22	111
2	1	2	4	22	1	3	2	26	22	22	112
2	1	1	5	39	1	3	2	27	22	22	113
2	1	1	5	37	1	3	2	28	22	22	114
2	1	1	5	38	1	3	2	29	22	22	115
2	1	1	5	41	1	3	2	30	22	22	116
2	1	2	4	25	1	3	2	31	22	22	117
2	1	2	4	26	1	3	2	32	22	22	118
2	1	2	4	28	1	3	2	33	22	22	119
2	1	2	4	27	1	3	2	34	22	22	120
2	1	1	5	36	1	3	2	35	22	22	121
2	1	1	5	35	1	3	2	36	22	22	122
2	1	1	5	33	1	3	2	37	22	22	123
2	1	1	5	34	1	3	2	38	22	22	124
2	1	2	4	32	1	3	2	39	22	22	125
2	1	2	4	31	1	3	2	40	22	22	126
2	1	2	4	29	1	3	2	41	22	22	127
2	1	2	4	30	1	3	2	42	22	22	128
2	1	1	6	30	1	4	3	87	7	20	1
2	1	1	6	29	1	4	3	88	7	20	2
2	1	1	6	31	1	4	3	89	7	20	3
2	1	1	6	32	1	4	3	90	7	20	4
2	1	2	3	34	1	4	3	91	7	20	5
2	1	2	3	33	1	4	3	92	7	20	6
2	1	2	3	35	1	4	3	93	7	20	7
2	1	2	3	36	1	4	3	94	7	20	8
2	1	1	6	27	1	4	3	95	7	20	9
2	1	1	6	28	1	4	3	96	7	20	10
2	1	1	6	26	1	4	3	97	7	20	11
2	1	1	6	25	1	4	3	98	7	20	12
2	1	2	3	41	1	4	3	99	7	20	13
2	1	2	3	38	1	4	3	100	7	20	14
2	1	2	3	37	1	4	3	101	7	20	15
2	1	2	3	39	1	4	3	102	7	20	16
2	1	1	6	22	1	4	3	103	7	20	17
2	1	1	6	21	1	4	3	104	7	20	18
2	1	1	6	23	1	4	3	105	7	20	19
2	1	1	6	24	1	4	3	106	7	20	20
2	1	2	3	40	1	4	3	107	7	20	21
2	1	2	3	43	1	4	3	108	7	20	22
2	1	2	3	44	1	4	3	109	7	20	23
2	1	2	3	42	1	4	3	110	7	20	24
2	1	1	6	19	1	4	3	111	7	20	25
2	1	1	6	20	1	4	3	112	7	20	26
2	1	1	6	18	1	4	3	113	7	20	27
2	1	1	6	17	1	4	3	114	7	20	28
2	1	2	3	47	1	4	3	115	7	20	29
2	1	2	3	48	1	4	3	116	7	20	30
2	1	2	3	46	1	4	3	117	7	20	31
2	1	2	3	45	1	4	3	118	7	20	32
2	1	1	6	14	1	4	3	119	7	20	33
2	1	1	6	13	1	4	3	120	7	20	34
2	1	1	6	15	1	4	3	121	7	20	35
2	1	1	6	16	1	4	3	122	7	20	36
2	1	2	3	50	1	4	3	123	7	20	37
2	1	2	3	49	1	4	3	124	7	20	38
2	1	2	3	51	1	4	3	125	7	20	39
2	1	2	3	52	1	4	3	126	7	20	40
2	1	1	6	11	1	4	3	127	7	20	41
2	1	1	6	12	1	4	3	128	7	20	42
2	1	1	6	10	1	4	3	129	7	20	43
2	1	1	6	9	1	4	3	130	7	20	44
2	1	2	3	57	1	4	3	131	7	20	45
2	1	2	3	54	1	4	3	132	7	20	46
2	1	2	3	53	1	4	3	133	7	20	47
2	1	2	3	55	1	4	3	134	7	20	48
2	1	1	6	6	1	4	3	135	7	20	49
2	1	1	6	5	1	4	3	136	7	20	50
2	1	1	6	7	1	4	3	137	7	20	51
2	1	1	6	8	1	4	3	138	7	20	52
2	1	2	3	56	1	4	3	139	7	20	53
2	1	2	3	59	1	4	3	140	7	20	54
2	1	2	3	60	1	4	3	141	7	20	55
2	1	2	3	58	1	4	3	142	7	20	56
2	1	1	6	3	1	4	3	143	7	20	57
2	1	1	6	4	1	4	3	144	7	20	58
2	1	1	6	2	1	4	3	145	7	20	59
2	1	1	6	1	1	4	3	146	7	20	60
2	1	2	3	64	1	4	3	147	7	20	61
2	1	2	3	63	1	4	3	148	7	20	62
2	1	2	3	62	1	4	3	149	7	20	63
2	1	2	3	61	1	4	3	150	7	20	64
2	1	1	6	61	1	4	3	151	7	20	65
2	1	1	6	62	1	4	3	152	7	20	66
2	1	1	6	63	1	4	3	153	7	20	67
2	1	1	6	64	1	4	3	154	7	20	68
2	1	2	3	1	1	4	3	155	7	20	69
2	1	2	3	2	1	4	3	156	7	20	70
2	1	2	3	4	1	4	3	157	7	20	71
2	1	2	3	3	1	4	3	158	7	20	72
2	1	1	6	58	1	4	3	159	7	20	73
2	1	1	6	60	1	4	3	160	7	20	74
2	1	1	6	59	1	4	3	161	7	20	75
2	1	1	6	56	1	4	3	162	7	20	76
2	1	2	3	8	1	4	3	163	7	20	77
2	1	2	3	7	1	4	3	164	7	20	78
2	1	2	3	5	1	4	3	165	7	20	79
2	1	2	3	6	1	4	3	166	7	20	80
2	1	1	6	55	1	4	3	167	7	20	81
2	1	1	6	53	1	4	3	168	7	20	82
2	1	1	6	54	1	4	3	169	7	20	83
2	1	1	6	57	1	4	3	170	7	20	84
2	1	2	3	9	1	4	3	171	7	20	85
2	1	2	3	10	1	4	3	172	7	20	86
2	1	2	3	12	1	4	3	173	7	20	87
2	1	2	3	11	1	4	3	174	7	20	88
2	1	1	6	52	1	4	3	175	7	20	89
2	1	1	6	51	1	4	3	176	7	20	90
2	1	1	6	49	1	4	3	177	7	20	91
2	1	1	6	50	1	4	3	178	7	20	92
2	1	2	3	16	1	4	3	179	7	20	93
2	1	2	3	15	1	4	3	180	7	20	94
2	1	2	3	13	1	4	3	181	7	20	95
2	1	2	3	14	1	4	3	182	7	20	96
2	1	1	6	45	1	4	3	183	7	20	97
2	1	1	6	46	1	4	3	184	7	20	98
2	1	1	6	48	1	4	3	185	7	20	99
2	1	1	6	47	1	4	3	186	7	20	100
2	1	2	3	17	1	4	3	187	7	20	101
2	1	2	3	18	1	4	3	188	7	20	102
2	1	2	3	20	1	4	3	189	7	20	103
2	1	2	3	19	1	4	3	190	7	20	104
2	1	1	6	42	1	4	3	191	7	20	105
2	1	1	6	44	1	4	3	192	7	20	106
2	1	1	6	43	1	4	3	193	7	20	107
2	1	1	6	40	1	4	3	194	7	20	108
2	1	2	3	24	1	4	3	195	7	20	109
2	1	2	3	23	1	4	3	196	7	20	110
2	1	2	3	21	1	4	3	197	7	20	111
2	1	2	3	22	1	4	3	198	7	20	112
2	1	1	6	39	1	4	3	199	7	20	113
2	1	1	6	37	1	4	3	200	7	20	114
2	1	1	6	38	1	4	3	201	7	20	115
2	1	1	6	41	1	4	3	202	7	20	116
2	1	2	3	25	1	4	3	203	7	20	117
2	1	2	3	26	1	4	3	204	7	20	118
2	1	2	3	28	1	4	3	205	7	20	119
2	1	2	3	27	1	4	3	206	7	20	120
2	1	1	6	36	1	4	3	207	7	20	121
2	1	1	6	35	1	4	3	208	7	20	122
2	1	1	6	33	1	4	3	209	7	20	123
2	1	1	6	34	1	4	3	210	7	20	124
2	1	2	3	32	1	4	3	211	7	20	125
2	1	2	3	31	1	4	3	212	7	20	126
2	1	2	3	29	1	4	3	213	7	20	127
2	1	2	3	30	1	4	3	214	7	20	128
2	1	1	7	30	1	5	3	87	9	9	1
2	1	1	7	29	1	5	3	88	9	9	2
2	1	1	7	31	1	5	3	89	9	9	3
2	1	1	7	32	1	5	3	90	9	9	4
2	1	2	2	34	1	5	3	91	9	9	5
2	1	2	2	33	1	5	3	92	9	9	6
2	1	2	2	35	1	5	3	93	9	9	7
2	1	2	2	36	1	5	3	94	9	9	8
2	1	1	7	27	1	5	3	95	9	9	9
2	1	1	7	28	1	5	3	96	9	9	10
2	1	1	7	26	1	5	3	97	9	9	11
2	1	1	7	25	1	5	3	98	9	9	12
2	1	2	2	41	1	5	3	99	9	9	13
2	1	2	2	38	1	5	3	100	9	9	14
2	1	2	2	37	1	5	3	101	9	9	15
2	1	2	2	39	1	5	3	102	9	9	16
2	1	1	7	22	1	5	3	103	9	9	17
2	1	1	7	21	1	5	3	104	9	9	18
2	1	1	7	23	1	5	3	105	9	9	19
2	1	1	7	24	1	5	3	106	9	9	20
2	1	2	2	40	1	5	3	107	9	9	21
2	1	2	2	43	1	5	3	108	9	9	22
2	1	2	2	44	1	5	3	109	9	9	23
2	1	2	2	42	1	5	3	110	9	9	24
2	1	1	7	19	1	5	3	111	9	9	25
2	1	1	7	20	1	5	3	112	9	9	26
2	1	1	7	18	1	5	3	113	9	9	27
2	1	1	7	17	1	5	3	114	9	9	28
2	1	2	2	47	1	5	3	115	9	9	29
2	1	2	2	48	1	5	3	116	9	9	30
2	1	2	2	46	1	5	3	117	9	9	31
2	1	2	2	45	1	5	3	118	9	9	32
2	1	1	7	14	1	5	3	119	9	9	33
2	1	1	7	13	1	5	3	120	9	9	34
2	1	1	7	15	1	5	3	121	9	9	35
2	1	1	7	16	1	5	3	122	9	9	36
2	1	2	2	50	1	5	3	123	9	9	37
2	1	2	2	49	1	5	3	124	9	9	38
2	1	2	2	51	1	5	3	125	9	9	39
2	1	2	2	52	1	5	3	126	9	9	40
2	1	1	7	11	1	5	3	127	9	9	41
2	1	1	7	12	1	5	3	128	9	9	42
2	1	1	7	10	1	5	3	129	9	9	43
2	1	1	7	9	1	5	3	130	9	9	44
2	1	2	2	57	1	5	3	131	9	9	45
2	1	2	2	54	1	5	3	132	9	9	46
2	1	2	2	53	1	5	3	133	9	9	47
2	1	2	2	55	1	5	3	134	9	9	48
2	1	1	7	6	1	5	3	135	9	9	49
2	1	1	7	5	1	5	3	136	9	9	50
2	1	1	7	7	1	5	3	137	9	9	51
2	1	1	7	8	1	5	3	138	9	9	52
2	1	2	2	56	1	5	3	139	9	9	53
2	1	2	2	59	1	5	3	140	9	9	54
2	1	2	2	60	1	5	3	141	9	9	55
2	1	2	2	58	1	5	3	142	9	9	56
2	1	1	7	3	1	5	3	143	9	9	57
2	1	1	7	4	1	5	3	144	9	9	58
2	1	1	7	2	1	5	3	145	9	9	59
2	1	1	7	1	1	5	3	146	9	9	60
2	1	2	2	64	1	5	3	147	9	9	61
2	1	2	2	63	1	5	3	148	9	9	62
2	1	2	2	62	1	5	3	149	9	9	63
2	1	2	2	61	1	5	3	150	9	9	64
2	1	1	7	61	1	5	3	151	9	9	65
2	1	1	7	62	1	5	3	152	9	9	66
2	1	1	7	63	1	5	3	153	9	9	67
2	1	1	7	64	1	5	3	154	9	9	68
2	1	2	2	1	1	5	3	155	9	9	69
2	1	2	2	2	1	5	3	156	9	9	70
2	1	2	2	4	1	5	3	157	9	9	71
2	1	2	2	3	1	5	3	158	9	9	72
2	1	1	7	58	1	5	3	159	9	9	73
2	1	1	7	60	1	5	3	160	9	9	74
2	1	1	7	59	1	5	3	161	9	9	75
2	1	1	7	56	1	5	3	162	9	9	76
2	1	2	2	8	1	5	3	163	9	9	77
2	1	2	2	7	1	5	3	164	9	9	78
2	1	2	2	5	1	5	3	165	9	9	79
2	1	2	2	6	1	5	3	166	9	9	80
2	1	1	7	55	1	5	3	167	9	9	81
2	1	1	7	53	1	5	3	168	9	9	82
2	1	1	7	54	1	5	3	169	9	9	83
2	1	1	7	57	1	5	3	170	9	9	84
2	1	2	2	9	1	5	3	171	9	9	85
2	1	2	2	10	1	5	3	172	9	9	86
2	1	2	2	12	1	5	3	173	9	9	87
2	1	2	2	11	1	5	3	174	9	9	88
2	1	1	7	52	1	5	3	175	9	9	89
2	1	1	7	51	1	5	3	176	9	9	90
2	1	1	7	49	1	5	3	177	9	9	91
2	1	1	7	50	1	5	3	178	9	9	92
2	1	2	2	16	1	5	3	179	9	9	93
2	1	2	2	15	1	5	3	180	9	9	94
2	1	2	2	13	1	5	3	181	9	9	95
2	1	2	2	14	1	5	3	182	9	9	96
2	1	1	7	45	1	5	3	183	9	9	97
2	1	1	7	46	1	5	3	184	9	9	98
2	1	1	7	48	1	5	3	185	9	9	99
2	1	1	7	47	1	5	3	186	9	9	100
2	1	2	2	17	1	5	3	187	9	9	101
2	1	2	2	18	1	5	3	188	9	9	102
2	1	2	2	20	1	5	3	189	9	9	103
2	1	2	2	19	1	5	3	190	9	9	104
2	1	1	7	42	1	5	3	191	9	9	105
2	1	1	7	44	1	5	3	192	9	9	106
2	1	1	7	43	1	5	3	193	9	9	107
2	1	1	7	40	1	5	3	194	9	9	108
2	1	2	2	24	1	5	3	195	9	9	109
2	1	2	2	23	1	5	3	196	9	9	110
2	1	2	2	21	1	5	3	197	9	9	111
2	1	2	2	22	1	5	3	198	9	9	112
2	1	1	7	39	1	5	3	199	9	9	113
2	1	1	7	37	1	5	3	200	9	9	114
2	1	1	7	38	1	5	3	201	9	9	115
2	1	1	7	41	1	5	3	202	9	9	116
2	1	2	2	25	1	5	3	203	9	9	117
2	1	2	2	26	1	5	3	204	9	9	118
2	1	2	2	28	1	5	3	205	9	9	119
2	1	2	2	27	1	5	3	206	9	9	120
2	1	1	7	36	1	5	3	207	9	9	121
2	1	1	7	35	1	5	3	208	9	9	122
2	1	1	7	33	1	5	3	209	9	9	123
2	1	1	7	34	1	5	3	210	9	9	124
2	1	2	2	32	1	5	3	211	9	9	125
2	1	2	2	31	1	5	3	212	9	9	126
2	1	2	2	29	1	5	3	213	9	9	127
2	1	2	2	30	1	5	3	214	9	9	128
2	1	1	8	30	1	5	1	129	8	8	1
2	1	1	8	29	1	5	1	130	8	8	2
2	1	1	8	31	1	5	1	131	8	8	3
2	1	1	8	32	1	5	1	132	8	8	4
2	1	2	1	34	1	5	1	133	8	8	5
2	1	2	1	33	1	5	1	134	8	8	6
2	1	2	1	35	1	5	1	135	8	8	7
2	1	2	1	36	1	5	1	136	8	8	8
2	1	1	8	27	1	5	1	137	8	8	9
2	1	1	8	28	1	5	1	138	8	8	10
2	1	1	8	26	1	5	1	139	8	8	11
2	1	1	8	25	1	5	1	140	8	8	12
2	1	2	1	41	1	5	1	141	8	8	13
2	1	2	1	38	1	5	1	142	8	8	14
2	1	2	1	37	1	5	1	143	8	8	15
2	1	2	1	39	1	5	1	144	8	8	16
2	1	1	8	22	1	5	1	145	8	8	17
2	1	1	8	21	1	5	1	146	8	8	18
2	1	1	8	23	1	5	1	147	8	8	19
2	1	1	8	24	1	5	1	148	8	8	20
2	1	2	1	40	1	5	1	149	8	8	21
2	1	2	1	43	1	5	1	150	8	8	22
2	1	2	1	44	1	5	1	151	8	8	23
2	1	2	1	42	1	5	1	152	8	8	24
2	1	1	8	19	1	5	1	153	8	8	25
2	1	1	8	20	1	5	1	154	8	8	26
2	1	1	8	18	1	5	1	155	8	8	27
2	1	1	8	17	1	5	1	156	8	8	28
2	1	2	1	47	1	5	1	157	8	8	29
2	1	2	1	48	1	5	1	158	8	8	30
2	1	2	1	46	1	5	1	159	8	8	31
2	1	2	1	45	1	5	1	160	8	8	32
2	1	1	8	14	1	5	1	161	8	8	33
2	1	1	8	13	1	5	1	162	8	8	34
2	1	1	8	15	1	5	1	163	8	8	35
2	1	1	8	16	1	5	1	164	8	8	36
2	1	2	1	50	1	5	1	165	8	8	37
2	1	2	1	49	1	5	1	166	8	8	38
2	1	2	1	51	1	5	1	167	8	8	39
2	1	2	1	52	1	5	1	168	8	8	40
2	1	1	8	11	1	5	1	169	8	8	41
2	1	1	8	12	1	5	1	170	8	8	42
2	1	1	8	10	1	5	1	171	8	8	43
2	1	1	8	9	1	5	1	172	8	8	44
2	1	2	1	57	1	5	1	173	8	8	45
2	1	2	1	54	1	5	1	174	8	8	46
2	1	2	1	53	1	5	1	175	8	8	47
2	1	2	1	55	1	5	1	176	8	8	48
2	1	1	8	6	1	5	1	177	8	8	49
2	1	1	8	5	1	5	1	178	8	8	50
2	1	1	8	7	1	5	1	179	8	8	51
2	1	1	8	8	1	5	1	180	8	8	52
2	1	2	1	56	1	5	1	181	8	8	53
2	1	2	1	59	1	5	1	182	8	8	54
2	1	2	1	60	1	5	1	183	8	8	55
2	1	2	1	58	1	5	1	184	8	8	56
2	1	1	8	3	1	5	1	185	8	8	57
2	1	1	8	4	1	5	1	186	8	8	58
2	1	1	8	2	1	5	1	187	8	8	59
2	1	1	8	1	1	5	1	188	8	8	60
2	1	2	1	64	1	5	1	189	8	8	61
2	1	2	1	63	1	5	1	190	8	8	62
2	1	2	1	62	1	5	1	191	8	8	63
2	1	2	1	61	1	5	1	192	8	8	64
2	1	1	8	61	1	5	1	193	8	8	65
2	1	1	8	62	1	5	1	194	8	8	66
2	1	1	8	63	1	5	1	195	8	8	67
2	1	1	8	64	1	5	1	196	8	8	68
2	1	2	1	1	1	5	1	197	8	8	69
2	1	2	1	2	1	5	1	198	8	8	70
2	1	2	1	4	1	5	1	199	8	8	71
2	1	2	1	3	1	5	1	200	8	8	72
2	1	1	8	58	1	5	1	201	8	8	73
2	1	1	8	60	1	5	1	202	8	8	74
2	1	1	8	59	1	5	1	203	8	8	75
2	1	1	8	56	1	5	1	204	8	8	76
2	1	2	1	8	1	5	1	205	8	8	77
2	1	2	1	7	1	5	1	206	8	8	78
2	1	2	1	5	1	5	1	207	8	8	79
2	1	2	1	6	1	5	1	208	8	8	80
2	1	1	8	55	1	5	1	209	8	8	81
2	1	1	8	53	1	5	1	210	8	8	82
2	1	1	8	54	1	5	1	211	8	8	83
2	1	1	8	57	1	5	1	212	8	8	84
2	1	2	1	9	1	5	1	213	8	8	85
2	1	2	1	10	1	5	1	214	8	8	86
2	1	2	1	12	1	5	2	1	8	8	87
2	1	2	1	11	1	5	2	2	8	8	88
2	1	1	8	52	1	5	2	3	8	8	89
2	1	1	8	51	1	5	2	4	8	8	90
2	1	1	8	49	1	5	2	5	8	8	91
2	1	1	8	50	1	5	2	6	8	8	92
2	1	2	1	16	1	5	2	7	8	8	93
2	1	2	1	15	1	5	2	8	8	8	94
2	1	2	1	13	1	5	2	9	8	8	95
2	1	2	1	14	1	5	2	10	8	8	96
2	1	1	8	45	1	5	2	11	8	8	97
2	1	1	8	46	1	5	2	12	8	8	98
2	1	1	8	48	1	5	2	13	8	8	99
2	1	1	8	47	1	5	2	14	8	8	100
2	1	2	1	17	1	5	2	15	8	8	101
2	1	2	1	18	1	5	2	16	8	8	102
2	1	2	1	20	1	5	2	17	8	8	103
2	1	2	1	19	1	5	2	18	8	8	104
2	1	1	8	42	1	5	2	19	8	8	105
2	1	1	8	44	1	5	2	20	8	8	106
2	1	1	8	43	1	5	2	21	8	8	107
2	1	1	8	40	1	5	2	22	8	8	108
2	1	2	1	24	1	5	2	23	8	8	109
2	1	2	1	23	1	5	2	24	8	8	110
2	1	2	1	21	1	5	2	25	8	8	111
2	1	2	1	22	1	5	2	26	8	8	112
2	1	1	8	39	1	5	2	27	8	8	113
2	1	1	8	37	1	5	2	28	8	8	114
2	1	1	8	38	1	5	2	29	8	8	115
2	1	1	8	41	1	5	2	30	8	8	116
2	1	2	1	25	1	5	2	31	8	8	117
2	1	2	1	26	1	5	2	32	8	8	118
2	1	2	1	28	1	5	2	33	8	8	119
2	1	2	1	27	1	5	2	34	8	8	120
2	1	1	8	36	1	5	2	35	8	8	121
2	1	1	8	35	1	5	2	36	8	8	122
2	1	1	8	33	1	5	2	37	8	8	123
2	1	1	8	34	1	5	2	38	8	8	124
2	1	2	1	32	1	5	2	39	8	8	125
2	1	2	1	31	1	5	2	40	8	8	126
2	1	2	1	29	1	5	2	41	8	8	127
2	1	2	1	30	1	5	2	42	8	8	128
2	2	1	3	30	1	1	3	214	30	30	1
2	2	1	3	29	1	1	3	213	30	30	2
2	2	1	3	31	1	1	3	212	30	30	3
2	2	1	3	32	1	1	3	211	30	30	4
2	2	2	6	34	1	1	3	210	30	30	5
2	2	2	6	33	1	1	3	209	30	30	6
2	2	2	6	35	1	1	3	208	30	30	7
2	2	2	6	36	1	1	3	207	30	30	8
2	2	1	3	27	1	1	3	206	30	30	9
2	2	1	3	28	1	1	3	205	30	30	10
2	2	1	3	26	1	1	3	204	30	30	11
2	2	1	3	25	1	1	3	203	30	30	12
2	2	2	6	41	1	1	3	202	30	30	13
2	2	2	6	38	1	1	3	201	30	30	14
2	2	2	6	37	1	1	3	200	30	30	15
2	2	2	6	39	1	1	3	199	30	30	16
2	2	1	3	22	1	1	3	198	30	30	17
2	2	1	3	21	1	1	3	197	30	30	18
2	2	1	3	23	1	1	3	196	30	30	19
2	2	1	3	24	1	1	3	195	30	30	20
2	2	2	6	40	1	1	3	194	30	30	21
2	2	2	6	43	1	1	3	193	30	30	22
2	2	2	6	44	1	1	3	192	30	30	23
2	2	2	6	42	1	1	3	191	30	30	24
2	2	1	3	19	1	1	3	190	30	30	25
2	2	1	3	20	1	1	3	189	30	30	26
2	2	1	3	18	1	1	3	188	30	30	27
2	2	1	3	17	1	1	3	187	30	30	28
2	2	2	6	47	1	1	3	186	30	30	29
2	2	2	6	48	1	1	3	185	30	30	30
2	2	2	6	46	1	1	3	184	30	30	31
2	2	2	6	45	1	1	3	183	30	30	32
2	2	1	3	14	1	1	3	182	30	30	33
2	2	1	3	13	1	1	3	181	30	30	34
2	2	1	3	15	1	1	3	180	30	30	35
2	2	1	3	16	1	1	3	179	30	30	36
2	2	2	6	50	1	1	3	178	30	30	37
2	2	2	6	49	1	1	3	177	30	30	38
2	2	2	6	51	1	1	3	176	30	30	39
2	2	2	6	52	1	1	3	175	30	30	40
2	2	1	3	11	1	1	3	174	30	30	41
2	2	1	3	12	1	1	3	173	30	30	42
2	2	1	3	10	1	1	3	172	30	30	43
2	2	1	3	9	1	1	3	171	30	30	44
2	2	2	6	57	1	1	3	170	30	30	45
2	2	2	6	54	1	1	3	169	30	30	46
2	2	2	6	53	1	1	3	168	30	30	47
2	2	2	6	55	1	1	3	167	30	30	48
2	2	1	3	6	1	1	3	166	30	30	49
2	2	1	3	5	1	1	3	165	30	30	50
2	2	1	3	7	1	1	3	164	30	30	51
2	2	1	3	8	1	1	3	163	30	30	52
2	2	2	6	56	1	1	3	162	30	30	53
2	2	2	6	59	1	1	3	161	30	30	54
2	2	2	6	60	1	1	3	160	30	30	55
2	2	2	6	58	1	1	3	159	30	30	56
2	2	1	3	3	1	1	3	158	30	30	57
2	2	1	3	4	1	1	3	157	30	30	58
2	2	1	3	2	1	1	3	156	30	30	59
2	2	1	3	1	1	1	3	155	30	30	60
2	2	2	6	64	1	1	3	154	30	30	61
2	2	2	6	63	1	1	3	153	30	30	62
2	2	2	6	62	1	1	3	152	30	30	63
2	2	2	6	61	1	1	3	151	30	30	64
2	2	1	3	61	1	1	3	150	30	30	65
2	2	1	3	62	1	1	3	149	30	30	66
2	2	1	3	63	1	1	3	148	30	30	67
2	2	1	3	64	1	1	3	147	30	30	68
2	2	2	6	1	1	1	3	146	30	30	69
2	2	2	6	2	1	1	3	145	30	30	70
2	2	2	6	4	1	1	3	144	30	30	71
2	2	2	6	3	1	1	3	143	30	30	72
2	2	1	3	58	1	1	3	142	30	30	73
2	2	1	3	60	1	1	3	141	30	30	74
2	2	1	3	59	1	1	3	140	30	30	75
2	2	1	3	56	1	1	3	139	30	30	76
2	2	2	6	8	1	1	3	138	30	30	77
2	2	2	6	7	1	1	3	137	30	30	78
2	2	2	6	5	1	1	3	136	30	30	79
2	2	2	6	6	1	1	3	135	30	30	80
2	2	1	3	55	1	1	3	134	30	30	81
2	2	1	3	53	1	1	3	133	30	30	82
2	2	1	3	54	1	1	3	132	30	30	83
2	2	1	3	57	1	1	3	131	30	30	84
2	2	2	6	9	1	1	3	130	30	30	85
2	2	2	6	10	1	1	3	129	30	30	86
2	2	2	6	12	1	1	3	128	30	30	87
2	2	2	6	11	1	1	3	127	30	30	88
2	2	1	3	52	1	1	3	126	30	30	89
2	2	1	3	51	1	1	3	125	30	30	90
2	2	1	3	49	1	1	3	124	30	30	91
2	2	1	3	50	1	1	3	123	30	30	92
2	2	2	6	16	1	1	3	122	30	30	93
2	2	2	6	15	1	1	3	121	30	30	94
2	2	2	6	13	1	1	3	120	30	30	95
2	2	2	6	14	1	1	3	119	30	30	96
2	2	1	3	45	1	1	3	118	30	30	97
2	2	1	3	46	1	1	3	117	30	30	98
2	2	1	3	48	1	1	3	116	30	30	99
2	2	1	3	47	1	1	3	115	30	30	100
2	2	2	6	17	1	1	3	114	30	30	101
2	2	2	6	18	1	1	3	113	30	30	102
2	2	2	6	20	1	1	3	112	30	30	103
2	2	2	6	19	1	1	3	111	30	30	104
2	2	1	3	42	1	1	3	110	30	30	105
2	2	1	3	44	1	1	3	109	30	30	106
2	2	1	3	43	1	1	3	108	30	30	107
2	2	1	3	40	1	1	3	107	30	30	108
2	2	2	6	24	1	1	3	106	30	30	109
2	2	2	6	23	1	1	3	105	30	30	110
2	2	2	6	21	1	1	3	104	30	30	111
2	2	2	6	22	1	1	3	103	30	30	112
2	2	1	3	39	1	1	3	102	30	30	113
2	2	1	3	37	1	1	3	101	30	30	114
2	2	1	3	38	1	1	3	100	30	30	115
2	2	1	3	41	1	1	3	99	30	30	116
2	2	2	6	25	1	1	3	98	30	30	117
2	2	2	6	26	1	1	3	97	30	30	118
2	2	2	6	28	1	1	3	96	30	30	119
2	2	2	6	27	1	1	3	95	30	30	120
2	2	1	3	36	1	1	3	94	30	30	121
2	2	1	3	35	1	1	3	93	30	30	122
2	2	1	3	33	1	1	3	92	30	30	123
2	2	1	3	34	1	1	3	91	30	30	124
2	2	2	6	32	1	1	3	90	30	30	125
2	2	2	6	31	1	1	3	89	30	30	126
2	2	2	6	29	1	1	3	88	30	30	127
2	2	2	6	30	1	1	3	87	30	30	128
2	2	1	4	30	1	5	3	86	20	7	1
2	2	1	4	29	1	5	3	85	20	7	2
2	2	1	4	31	1	5	3	84	20	7	3
2	2	1	4	32	1	5	3	83	20	7	4
2	2	2	5	34	1	5	3	82	20	7	5
2	2	2	5	33	1	5	3	81	20	7	6
2	2	2	5	35	1	5	3	80	20	7	7
2	2	2	5	36	1	5	3	79	20	7	8
2	2	1	4	27	1	5	3	78	20	7	9
2	2	1	4	28	1	5	3	77	20	7	10
2	2	1	4	26	1	5	3	76	20	7	11
2	2	1	4	25	1	5	3	75	20	7	12
2	2	2	5	41	1	5	3	74	20	7	13
2	2	2	5	38	1	5	3	73	20	7	14
2	2	2	5	37	1	5	3	72	20	7	15
2	2	2	5	39	1	5	3	71	20	7	16
2	2	1	4	22	1	5	3	70	20	7	17
2	2	1	4	21	1	5	3	69	20	7	18
2	2	1	4	23	1	5	3	68	20	7	19
2	2	1	4	24	1	5	3	67	20	7	20
2	2	2	5	40	1	5	3	66	20	7	21
2	2	2	5	43	1	5	3	65	20	7	22
2	2	2	5	44	1	5	3	64	20	7	23
2	2	2	5	42	1	5	3	63	20	7	24
2	2	1	4	19	1	5	3	62	20	7	25
2	2	1	4	20	1	5	3	61	20	7	26
2	2	1	4	18	1	5	3	60	20	7	27
2	2	1	4	17	1	5	3	59	20	7	28
2	2	2	5	47	1	5	3	58	20	7	29
2	2	2	5	48	1	5	3	57	20	7	30
2	2	2	5	46	1	5	3	56	20	7	31
2	2	2	5	45	1	5	3	55	20	7	32
2	2	1	4	14	1	5	3	54	20	7	33
2	2	1	4	13	1	5	3	53	20	7	34
2	2	1	4	15	1	5	3	52	20	7	35
2	2	1	4	16	1	5	3	51	20	7	36
2	2	2	5	50	1	5	3	50	20	7	37
2	2	2	5	49	1	5	3	49	20	7	38
2	2	2	5	51	1	5	3	48	20	7	39
2	2	2	5	52	1	5	3	47	20	7	40
2	2	1	4	11	1	5	3	46	20	7	41
2	2	1	4	12	1	5	3	45	20	7	42
2	2	1	4	10	1	5	3	44	20	7	43
2	2	1	4	9	1	5	3	43	20	7	44
2	2	2	5	57	1	5	3	42	20	7	45
2	2	2	5	54	1	5	3	41	20	7	46
2	2	2	5	53	1	5	3	40	20	7	47
2	2	2	5	55	1	5	3	39	20	7	48
2	2	1	4	6	1	5	3	38	20	7	49
2	2	1	4	5	1	5	3	37	20	7	50
2	2	1	4	7	1	5	3	36	20	7	51
2	2	1	4	8	1	5	3	35	20	7	52
2	2	2	5	56	1	5	3	34	20	7	53
2	2	2	5	59	1	5	3	33	20	7	54
2	2	2	5	60	1	5	3	32	20	7	55
2	2	2	5	58	1	5	3	31	20	7	56
2	2	1	4	3	1	5	3	30	20	7	57
2	2	1	4	4	1	5	3	29	20	7	58
2	2	1	4	2	1	5	3	28	20	7	59
2	2	1	4	1	1	5	3	27	20	7	60
2	2	2	5	64	1	5	3	26	20	7	61
2	2	2	5	63	1	5	3	25	20	7	62
2	2	2	5	62	1	5	3	24	20	7	63
2	2	2	5	61	1	5	3	23	20	7	64
2	2	1	4	61	1	5	3	22	20	7	65
2	2	1	4	62	1	5	3	21	20	7	66
2	2	1	4	63	1	5	3	20	20	7	67
2	2	1	4	64	1	5	3	19	20	7	68
2	2	2	5	1	1	5	3	18	20	7	69
2	2	2	5	2	1	5	3	17	20	7	70
2	2	2	5	4	1	5	3	16	20	7	71
2	2	2	5	3	1	5	3	15	20	7	72
2	2	1	4	58	1	5	3	14	20	7	73
2	2	1	4	60	1	5	3	13	20	7	74
2	2	1	4	59	1	5	3	12	20	7	75
2	2	1	4	56	1	5	3	11	20	7	76
2	2	2	5	8	1	5	3	10	20	7	77
2	2	2	5	7	1	5	3	9	20	7	78
2	2	2	5	5	1	5	3	8	20	7	79
2	2	2	5	6	1	5	3	7	20	7	80
2	2	1	4	55	1	5	3	6	20	7	81
2	2	1	4	53	1	5	3	5	20	7	82
2	2	1	4	54	1	5	3	4	20	7	83
2	2	1	4	57	1	5	3	3	20	7	84
2	2	2	5	9	1	5	3	2	20	7	85
2	2	2	5	10	1	5	3	1	20	7	86
2	2	2	5	12	1	5	2	212	20	7	87
2	2	2	5	11	1	5	2	211	20	7	88
2	2	1	4	52	1	5	2	210	20	7	89
2	2	1	4	51	1	5	2	209	20	7	90
2	2	1	4	49	1	5	2	208	20	7	91
2	2	1	4	50	1	5	2	207	20	7	92
2	2	2	5	16	1	5	2	206	20	7	93
2	2	2	5	15	1	5	2	205	20	7	94
2	2	2	5	13	1	5	2	204	20	7	95
2	2	2	5	14	1	5	2	203	20	7	96
2	2	1	4	45	1	5	2	202	20	7	97
2	2	1	4	46	1	5	2	201	20	7	98
2	2	1	4	48	1	5	2	200	20	7	99
2	2	1	4	47	1	5	2	199	20	7	100
2	2	2	5	17	1	5	2	198	20	7	101
2	2	2	5	18	1	5	2	197	20	7	102
2	2	2	5	20	1	5	2	196	20	7	103
2	2	2	5	19	1	5	2	195	20	7	104
2	2	1	4	42	1	5	2	194	20	7	105
2	2	1	4	44	1	5	2	193	20	7	106
2	2	1	4	43	1	5	2	192	20	7	107
2	2	1	4	40	1	5	2	191	20	7	108
2	2	2	5	24	1	5	2	190	20	7	109
2	2	2	5	23	1	5	2	189	20	7	110
2	2	2	5	21	1	5	2	188	20	7	111
2	2	2	5	22	1	5	2	187	20	7	112
2	2	1	4	39	1	5	2	186	20	7	113
2	2	1	4	37	1	5	2	185	20	7	114
2	2	1	4	38	1	5	2	184	20	7	115
2	2	1	4	41	1	5	2	183	20	7	116
2	2	2	5	25	1	5	2	182	20	7	117
2	2	2	5	26	1	5	2	181	20	7	118
2	2	2	5	28	1	5	2	180	20	7	119
2	2	2	5	27	1	5	2	179	20	7	120
2	2	1	4	36	1	5	2	178	20	7	121
2	2	1	4	35	1	5	2	177	20	7	122
2	2	1	4	33	1	5	2	176	20	7	123
2	2	1	4	34	1	5	2	175	20	7	124
2	2	2	5	32	1	5	2	174	20	7	125
2	2	2	5	31	1	5	2	173	20	7	126
2	2	2	5	29	1	5	2	172	20	7	127
2	2	2	5	30	1	5	2	171	20	7	128
2	2	1	5	30	1	2	2	43	33	33	1
2	2	1	5	29	1	2	2	44	33	33	2
2	2	1	5	31	1	2	2	45	33	33	3
2	2	1	5	32	1	2	2	46	33	33	4
2	2	2	4	34	1	2	2	47	33	33	5
2	2	2	4	33	1	2	2	48	33	33	6
2	2	2	4	35	1	2	2	49	33	33	7
2	2	2	4	36	1	2	2	50	33	33	8
2	2	1	5	27	1	2	2	51	33	33	9
2	2	1	5	28	1	2	2	52	33	33	10
2	2	1	5	26	1	2	2	53	33	33	11
2	2	1	5	25	1	2	2	54	33	33	12
2	2	2	4	41	1	2	2	55	33	33	13
2	2	2	4	38	1	2	2	56	33	33	14
2	2	2	4	37	1	2	2	57	33	33	15
2	2	2	4	39	1	2	2	58	33	33	16
2	2	1	5	22	1	2	2	59	33	33	17
2	2	1	5	21	1	2	2	60	33	33	18
2	2	1	5	23	1	2	2	61	33	33	19
2	2	1	5	24	1	2	2	62	33	33	20
2	2	2	4	40	1	2	2	63	33	33	21
2	2	2	4	43	1	2	2	64	33	33	22
2	2	2	4	44	1	2	2	65	33	33	23
2	2	2	4	42	1	2	2	66	33	33	24
2	2	1	5	19	1	2	2	67	33	33	25
2	2	1	5	20	1	2	2	68	33	33	26
2	2	1	5	18	1	2	2	69	33	33	27
2	2	1	5	17	1	2	2	70	33	33	28
2	2	2	4	47	1	2	2	71	33	33	29
2	2	2	4	48	1	2	2	72	33	33	30
2	2	2	4	46	1	2	2	73	33	33	31
2	2	2	4	45	1	2	2	74	33	33	32
2	2	1	5	14	1	2	2	75	33	33	33
2	2	1	5	13	1	2	2	76	33	33	34
2	2	1	5	15	1	2	2	77	33	33	35
2	2	1	5	16	1	2	2	78	33	33	36
2	2	2	4	50	1	2	2	79	33	33	37
2	2	2	4	49	1	2	2	80	33	33	38
2	2	2	4	51	1	2	2	81	33	33	39
2	2	2	4	52	1	2	2	82	33	33	40
2	2	1	5	11	1	2	2	83	33	33	41
2	2	1	5	12	1	2	2	84	33	33	42
2	2	1	5	10	1	2	2	85	33	33	43
2	2	1	5	9	1	2	2	86	33	33	44
2	2	2	4	57	1	2	2	87	33	33	45
2	2	2	4	54	1	2	2	88	33	33	46
2	2	2	4	53	1	2	2	89	33	33	47
2	2	2	4	55	1	2	2	90	33	33	48
2	2	1	5	6	1	2	2	91	33	33	49
2	2	1	5	5	1	2	2	92	33	33	50
2	2	1	5	7	1	2	2	93	33	33	51
2	2	1	5	8	1	2	2	94	33	33	52
2	2	2	4	56	1	2	2	95	33	33	53
2	2	2	4	59	1	2	2	96	33	33	54
2	2	2	4	60	1	2	2	97	33	33	55
2	2	2	4	58	1	2	2	98	33	33	56
2	2	1	5	3	1	2	2	99	33	33	57
2	2	1	5	4	1	2	2	100	33	33	58
2	2	1	5	2	1	2	2	101	33	33	59
2	2	1	5	1	1	2	2	102	33	33	60
2	2	2	4	64	1	2	2	103	33	33	61
2	2	2	4	63	1	2	2	104	33	33	62
2	2	2	4	62	1	2	2	105	33	33	63
2	2	2	4	61	1	2	2	106	33	33	64
2	2	1	5	61	1	2	2	107	33	33	65
2	2	1	5	62	1	2	2	108	33	33	66
2	2	1	5	63	1	2	2	109	33	33	67
2	2	1	5	64	1	2	2	110	33	33	68
2	2	2	4	1	1	2	2	111	33	33	69
2	2	2	4	2	1	2	2	112	33	33	70
2	2	2	4	4	1	2	2	113	33	33	71
2	2	2	4	3	1	2	2	114	33	33	72
2	2	1	5	58	1	2	2	115	33	33	73
2	2	1	5	60	1	2	2	116	33	33	74
2	2	1	5	59	1	2	2	117	33	33	75
2	2	1	5	56	1	2	2	118	33	33	76
2	2	2	4	8	1	2	2	119	33	33	77
2	2	2	4	7	1	2	2	120	33	33	78
2	2	2	4	5	1	2	2	121	33	33	79
2	2	2	4	6	1	2	2	122	33	33	80
2	2	1	5	55	1	2	2	123	33	33	81
2	2	1	5	53	1	2	2	124	33	33	82
2	2	1	5	54	1	2	2	125	33	33	83
2	2	1	5	57	1	2	2	126	33	33	84
2	2	2	4	9	1	2	2	127	33	33	85
2	2	2	4	10	1	2	2	128	33	33	86
2	2	2	4	12	1	2	2	129	33	33	87
2	2	2	4	11	1	2	2	130	33	33	88
2	2	1	5	52	1	2	2	131	33	33	89
2	2	1	5	51	1	2	2	132	33	33	90
2	2	1	5	49	1	2	2	133	33	33	91
2	2	1	5	50	1	2	2	134	33	33	92
2	2	2	4	16	1	2	2	135	33	33	93
2	2	2	4	15	1	2	2	136	33	33	94
2	2	2	4	13	1	2	2	137	33	33	95
2	2	2	4	14	1	2	2	138	33	33	96
2	2	1	5	45	1	2	2	139	33	33	97
2	2	1	5	46	1	2	2	140	33	33	98
2	2	1	5	48	1	2	2	141	33	33	99
2	2	1	5	47	1	2	2	142	33	33	100
2	2	2	4	17	1	2	2	143	33	33	101
2	2	2	4	18	1	2	2	144	33	33	102
2	2	2	4	20	1	2	2	145	33	33	103
2	2	2	4	19	1	2	2	146	33	33	104
2	2	1	5	42	1	2	2	147	33	33	105
2	2	1	5	44	1	2	2	148	33	33	106
2	2	1	5	43	1	2	2	149	33	33	107
2	2	1	5	40	1	2	2	150	33	33	108
2	2	2	4	24	1	2	2	151	33	33	109
2	2	2	4	23	1	2	2	152	33	33	110
2	2	2	4	21	1	2	2	153	33	33	111
2	2	2	4	22	1	2	2	154	33	33	112
2	2	1	5	39	1	2	2	155	33	33	113
2	2	1	5	37	1	2	2	156	33	33	114
2	2	1	5	38	1	2	2	157	33	33	115
2	2	1	5	41	1	2	2	158	33	33	116
2	2	2	4	25	1	2	2	159	33	33	117
2	2	2	4	26	1	2	2	160	33	33	118
2	2	2	4	28	1	2	2	161	33	33	119
2	2	2	4	27	1	2	2	162	33	33	120
2	2	1	5	36	1	2	2	163	33	33	121
2	2	1	5	35	1	2	2	164	33	33	122
2	2	1	5	33	1	2	2	165	33	33	123
2	2	1	5	34	1	2	2	166	33	33	124
2	2	2	4	32	1	2	2	167	33	33	125
2	2	2	4	31	1	2	2	168	33	33	126
2	2	2	4	29	1	2	2	169	33	33	127
2	2	2	4	30	1	2	2	170	33	33	128
2	2	1	6	30	1	1	2	43	28	28	1
2	2	1	6	29	1	1	2	44	28	28	2
2	2	1	6	31	1	1	2	45	28	28	3
2	2	1	6	32	1	1	2	46	28	28	4
2	2	2	3	34	1	1	2	47	28	28	5
2	2	2	3	33	1	1	2	48	28	28	6
2	2	2	3	35	1	1	2	49	28	28	7
2	2	2	3	36	1	1	2	50	28	28	8
2	2	1	6	27	1	1	2	51	28	28	9
2	2	1	6	28	1	1	2	52	28	28	10
2	2	1	6	26	1	1	2	53	28	28	11
2	2	1	6	25	1	1	2	54	28	28	12
2	2	2	3	41	1	1	2	55	28	28	13
2	2	2	3	38	1	1	2	56	28	28	14
2	2	2	3	37	1	1	2	57	28	28	15
2	2	2	3	39	1	1	2	58	28	28	16
2	2	1	6	22	1	1	2	59	28	28	17
2	2	1	6	21	1	1	2	60	28	28	18
2	2	1	6	23	1	1	2	61	28	28	19
2	2	1	6	24	1	1	2	62	28	28	20
2	2	2	3	40	1	1	2	63	28	28	21
2	2	2	3	43	1	1	2	64	28	28	22
2	2	2	3	44	1	1	2	65	28	28	23
2	2	2	3	42	1	1	2	66	28	28	24
2	2	1	6	19	1	1	2	67	28	28	25
2	2	1	6	20	1	1	2	68	28	28	26
2	2	1	6	18	1	1	2	69	28	28	27
2	2	1	6	17	1	1	2	70	28	28	28
2	2	2	3	47	1	1	2	71	28	28	29
2	2	2	3	48	1	1	2	72	28	28	30
2	2	2	3	46	1	1	2	73	28	28	31
2	2	2	3	45	1	1	2	74	28	28	32
2	2	1	6	14	1	1	2	75	28	28	33
2	2	1	6	13	1	1	2	76	28	28	34
2	2	1	6	15	1	1	2	77	28	28	35
2	2	1	6	16	1	1	2	78	28	28	36
2	2	2	3	50	1	1	2	79	28	28	37
2	2	2	3	49	1	1	2	80	28	28	38
2	2	2	3	51	1	1	2	81	28	28	39
2	2	2	3	52	1	1	2	82	28	28	40
2	2	1	6	11	1	1	2	83	28	28	41
2	2	1	6	12	1	1	2	84	28	28	42
2	2	1	6	10	1	1	2	85	28	28	43
2	2	1	6	9	1	1	2	86	28	28	44
2	2	2	3	57	1	1	2	87	28	28	45
2	2	2	3	54	1	1	2	88	28	28	46
2	2	2	3	53	1	1	2	89	28	28	47
2	2	2	3	55	1	1	2	90	28	28	48
2	2	1	6	6	1	1	2	91	28	28	49
2	2	1	6	5	1	1	2	92	28	28	50
2	2	1	6	7	1	1	2	93	28	28	51
2	2	1	6	8	1	1	2	94	28	28	52
2	2	2	3	56	1	1	2	95	28	28	53
2	2	2	3	59	1	1	2	96	28	28	54
2	2	2	3	60	1	1	2	97	28	28	55
2	2	2	3	58	1	1	2	98	28	28	56
2	2	1	6	3	1	1	2	99	28	28	57
2	2	1	6	4	1	1	2	100	28	28	58
2	2	1	6	2	1	1	2	101	28	28	59
2	2	1	6	1	1	1	2	102	28	28	60
2	2	2	3	64	1	1	2	103	28	28	61
2	2	2	3	63	1	1	2	104	28	28	62
2	2	2	3	62	1	1	2	105	28	28	63
2	2	2	3	61	1	1	2	106	28	28	64
2	2	1	6	61	1	1	2	107	28	28	65
2	2	1	6	62	1	1	2	108	28	28	66
2	2	1	6	63	1	1	2	109	28	28	67
2	2	1	6	64	1	1	2	110	28	28	68
2	2	2	3	1	1	1	2	111	28	28	69
2	2	2	3	2	1	1	2	112	28	28	70
2	2	2	3	4	1	1	2	113	28	28	71
2	2	2	3	3	1	1	2	114	28	28	72
2	2	1	6	58	1	1	2	115	28	28	73
2	2	1	6	60	1	1	2	116	28	28	74
2	2	1	6	59	1	1	2	117	28	28	75
2	2	1	6	56	1	1	2	118	28	28	76
2	2	2	3	8	1	1	2	119	28	28	77
2	2	2	3	7	1	1	2	120	28	28	78
2	2	2	3	5	1	1	2	121	28	28	79
2	2	2	3	6	1	1	2	122	28	28	80
2	2	1	6	55	1	1	2	123	28	28	81
2	2	1	6	53	1	1	2	124	28	28	82
2	2	1	6	54	1	1	2	125	28	28	83
2	2	1	6	57	1	1	2	126	28	28	84
2	2	2	3	9	1	1	2	127	28	28	85
2	2	2	3	10	1	1	2	128	28	28	86
2	2	2	3	12	1	1	2	129	28	28	87
2	2	2	3	11	1	1	2	130	28	28	88
2	2	1	6	52	1	1	2	131	28	28	89
2	2	1	6	51	1	1	2	132	28	28	90
2	2	1	6	49	1	1	2	133	28	28	91
2	2	1	6	50	1	1	2	134	28	28	92
2	2	2	3	16	1	1	2	135	28	28	93
2	2	2	3	15	1	1	2	136	28	28	94
2	2	2	3	13	1	1	2	137	28	28	95
2	2	2	3	14	1	1	2	138	28	28	96
2	2	1	6	45	1	1	2	139	28	28	97
2	2	1	6	46	1	1	2	140	28	28	98
2	2	1	6	48	1	1	2	141	28	28	99
2	2	1	6	47	1	1	2	142	28	28	100
2	2	2	3	17	1	1	2	143	28	28	101
2	2	2	3	18	1	1	2	144	28	28	102
2	2	2	3	20	1	1	2	145	28	28	103
2	2	2	3	19	1	1	2	146	28	28	104
2	2	1	6	42	1	1	2	147	28	28	105
2	2	1	6	44	1	1	2	148	28	28	106
2	2	1	6	43	1	1	2	149	28	28	107
2	2	1	6	40	1	1	2	150	28	28	108
2	2	2	3	24	1	1	2	151	28	28	109
2	2	2	3	23	1	1	2	152	28	28	110
2	2	2	3	21	1	1	2	153	28	28	111
2	2	2	3	22	1	1	2	154	28	28	112
2	2	1	6	39	1	1	2	155	28	28	113
2	2	1	6	37	1	1	2	156	28	28	114
2	2	1	6	38	1	1	2	157	28	28	115
2	2	1	6	41	1	1	2	158	28	28	116
2	2	2	3	25	1	1	2	159	28	28	117
2	2	2	3	26	1	1	2	160	28	28	118
2	2	2	3	28	1	1	2	161	28	28	119
2	2	2	3	27	1	1	2	162	28	28	120
2	2	1	6	36	1	1	2	163	28	28	121
2	2	1	6	35	1	1	2	164	28	28	122
2	2	1	6	33	1	1	2	165	28	28	123
2	2	1	6	34	1	1	2	166	28	28	124
2	2	2	3	32	1	1	2	167	28	28	125
2	2	2	3	31	1	1	2	168	28	28	126
2	2	2	3	29	1	1	2	169	28	28	127
2	2	2	3	30	1	1	2	170	28	28	128
2	2	1	7	30	1	3	2	43	23	23	1
2	2	1	7	29	1	3	2	44	23	23	2
2	2	1	7	31	1	3	2	45	23	23	3
2	2	1	7	32	1	3	2	46	23	23	4
2	2	2	2	34	1	3	2	47	23	23	5
2	2	2	2	33	1	3	2	48	23	23	6
2	2	2	2	35	1	3	2	49	23	23	7
2	2	2	2	36	1	3	2	50	23	23	8
2	2	1	7	27	1	3	2	51	23	23	9
2	2	1	7	28	1	3	2	52	23	23	10
2	2	1	7	26	1	3	2	53	23	23	11
2	2	1	7	25	1	3	2	54	23	23	12
2	2	2	2	41	1	3	2	55	23	23	13
2	2	2	2	38	1	3	2	56	23	23	14
2	2	2	2	37	1	3	2	57	23	23	15
2	2	2	2	39	1	3	2	58	23	23	16
2	2	1	7	22	1	3	2	59	23	23	17
2	2	1	7	21	1	3	2	60	23	23	18
2	2	1	7	23	1	3	2	61	23	23	19
2	2	1	7	24	1	3	2	62	23	23	20
2	2	2	2	40	1	3	2	63	23	23	21
2	2	2	2	43	1	3	2	64	23	23	22
2	2	2	2	44	1	3	2	65	23	23	23
2	2	2	2	42	1	3	2	66	23	23	24
2	2	1	7	19	1	3	2	67	23	23	25
2	2	1	7	20	1	3	2	68	23	23	26
2	2	1	7	18	1	3	2	69	23	23	27
2	2	1	7	17	1	3	2	70	23	23	28
2	2	2	2	47	1	3	2	71	23	23	29
2	2	2	2	48	1	3	2	72	23	23	30
2	2	2	2	46	1	3	2	73	23	23	31
2	2	2	2	45	1	3	2	74	23	23	32
2	2	1	7	14	1	3	2	75	23	23	33
2	2	1	7	13	1	3	2	76	23	23	34
2	2	1	7	15	1	3	2	77	23	23	35
2	2	1	7	16	1	3	2	78	23	23	36
2	2	2	2	50	1	3	2	79	23	23	37
2	2	2	2	49	1	3	2	80	23	23	38
2	2	2	2	51	1	3	2	81	23	23	39
2	2	2	2	52	1	3	2	82	23	23	40
2	2	1	7	11	1	3	2	83	23	23	41
2	2	1	7	12	1	3	2	84	23	23	42
2	2	1	7	10	1	3	2	85	23	23	43
2	2	1	7	9	1	3	2	86	23	23	44
2	2	2	2	57	1	3	2	87	23	23	45
2	2	2	2	54	1	3	2	88	23	23	46
2	2	2	2	53	1	3	2	89	23	23	47
2	2	2	2	55	1	3	2	90	23	23	48
2	2	1	7	6	1	3	2	91	23	23	49
2	2	1	7	5	1	3	2	92	23	23	50
2	2	1	7	7	1	3	2	93	23	23	51
2	2	1	7	8	1	3	2	94	23	23	52
2	2	2	2	56	1	3	2	95	23	23	53
2	2	2	2	59	1	3	2	96	23	23	54
2	2	2	2	60	1	3	2	97	23	23	55
2	2	2	2	58	1	3	2	98	23	23	56
2	2	1	7	3	1	3	2	99	23	23	57
2	2	1	7	4	1	3	2	100	23	23	58
2	2	1	7	2	1	3	2	101	23	23	59
2	2	1	7	1	1	3	2	102	23	23	60
2	2	2	2	64	1	3	2	103	23	23	61
2	2	2	2	63	1	3	2	104	23	23	62
2	2	2	2	62	1	3	2	105	23	23	63
2	2	2	2	61	1	3	2	106	23	23	64
2	2	1	7	61	1	3	2	107	23	23	65
2	2	1	7	62	1	3	2	108	23	23	66
2	2	1	7	63	1	3	2	109	23	23	67
2	2	1	7	64	1	3	2	110	23	23	68
2	2	2	2	1	1	3	2	111	23	23	69
2	2	2	2	2	1	3	2	112	23	23	70
2	2	2	2	4	1	3	2	113	23	23	71
2	2	2	2	3	1	3	2	114	23	23	72
2	2	1	7	58	1	3	2	115	23	23	73
2	2	1	7	60	1	3	2	116	23	23	74
2	2	1	7	59	1	3	2	117	23	23	75
2	2	1	7	56	1	3	2	118	23	23	76
2	2	2	2	8	1	3	2	119	23	23	77
2	2	2	2	7	1	3	2	120	23	23	78
2	2	2	2	5	1	3	2	121	23	23	79
2	2	2	2	6	1	3	2	122	23	23	80
2	2	1	7	55	1	3	2	123	23	23	81
2	2	1	7	53	1	3	2	124	23	23	82
2	2	1	7	54	1	3	2	125	23	23	83
2	2	1	7	57	1	3	2	126	23	23	84
2	2	2	2	9	1	3	2	127	23	23	85
2	2	2	2	10	1	3	2	128	23	23	86
2	2	2	2	12	1	3	2	129	23	23	87
2	2	2	2	11	1	3	2	130	23	23	88
2	2	1	7	52	1	3	2	131	23	23	89
2	2	1	7	51	1	3	2	132	23	23	90
2	2	1	7	49	1	3	2	133	23	23	91
2	2	1	7	50	1	3	2	134	23	23	92
2	2	2	2	16	1	3	2	135	23	23	93
2	2	2	2	15	1	3	2	136	23	23	94
2	2	2	2	13	1	3	2	137	23	23	95
2	2	2	2	14	1	3	2	138	23	23	96
2	2	1	7	45	1	3	2	139	23	23	97
2	2	1	7	46	1	3	2	140	23	23	98
2	2	1	7	48	1	3	2	141	23	23	99
2	2	1	7	47	1	3	2	142	23	23	100
2	2	2	2	17	1	3	2	143	23	23	101
2	2	2	2	18	1	3	2	144	23	23	102
2	2	2	2	20	1	3	2	145	23	23	103
2	2	2	2	19	1	3	2	146	23	23	104
2	2	1	7	42	1	3	2	147	23	23	105
2	2	1	7	44	1	3	2	148	23	23	106
2	2	1	7	43	1	3	2	149	23	23	107
2	2	1	7	40	1	3	2	150	23	23	108
2	2	2	2	24	1	3	2	151	23	23	109
2	2	2	2	23	1	3	2	152	23	23	110
2	2	2	2	21	1	3	2	153	23	23	111
2	2	2	2	22	1	3	2	154	23	23	112
2	2	1	7	39	1	3	2	155	23	23	113
2	2	1	7	37	1	3	2	156	23	23	114
2	2	1	7	38	1	3	2	157	23	23	115
2	2	1	7	41	1	3	2	158	23	23	116
2	2	2	2	25	1	3	2	159	23	23	117
2	2	2	2	26	1	3	2	160	23	23	118
2	2	2	2	28	1	3	2	161	23	23	119
2	2	2	2	27	1	3	2	162	23	23	120
2	2	1	7	36	1	3	2	163	23	23	121
2	2	1	7	35	1	3	2	164	23	23	122
2	2	1	7	33	1	3	2	165	23	23	123
2	2	1	7	34	1	3	2	166	23	23	124
2	2	2	2	32	1	3	2	167	23	23	125
2	2	2	2	31	1	3	2	168	23	23	126
2	2	2	2	29	1	3	2	169	23	23	127
2	2	2	2	30	1	3	2	170	23	23	128
2	2	1	8	30	1	1	2	171	29	29	1
2	2	1	8	29	1	1	2	172	29	29	2
2	2	1	8	31	1	1	2	173	29	29	3
2	2	1	8	32	1	1	2	174	29	29	4
2	2	2	1	34	1	1	2	175	29	29	5
2	2	2	1	33	1	1	2	176	29	29	6
2	2	2	1	35	1	1	2	177	29	29	7
2	2	2	1	36	1	1	2	178	29	29	8
2	2	1	8	27	1	1	2	179	29	29	9
2	2	1	8	28	1	1	2	180	29	29	10
2	2	1	8	26	1	1	2	181	29	29	11
2	2	1	8	25	1	1	2	182	29	29	12
2	2	2	1	41	1	1	2	183	29	29	13
2	2	2	1	38	1	1	2	184	29	29	14
2	2	2	1	37	1	1	2	185	29	29	15
2	2	2	1	39	1	1	2	186	29	29	16
2	2	1	8	22	1	1	2	187	29	29	17
2	2	1	8	21	1	1	2	188	29	29	18
2	2	1	8	23	1	1	2	189	29	29	19
2	2	1	8	24	1	1	2	190	29	29	20
2	2	2	1	40	1	1	2	191	29	29	21
2	2	2	1	43	1	1	2	192	29	29	22
2	2	2	1	44	1	1	2	193	29	29	23
2	2	2	1	42	1	1	2	194	29	29	24
2	2	1	8	19	1	1	2	195	29	29	25
2	2	1	8	20	1	1	2	196	29	29	26
2	2	1	8	18	1	1	2	197	29	29	27
2	2	1	8	17	1	1	2	198	29	29	28
2	2	2	1	47	1	1	2	199	29	29	29
2	2	2	1	48	1	1	2	200	29	29	30
2	2	2	1	46	1	1	2	201	29	29	31
2	2	2	1	45	1	1	2	202	29	29	32
2	2	1	8	14	1	1	2	203	29	29	33
2	2	1	8	13	1	1	2	204	29	29	34
2	2	1	8	15	1	1	2	205	29	29	35
2	2	1	8	16	1	1	2	206	29	29	36
2	2	2	1	50	1	1	2	207	29	29	37
2	2	2	1	49	1	1	2	208	29	29	38
2	2	2	1	51	1	1	2	209	29	29	39
2	2	2	1	52	1	1	2	210	29	29	40
2	2	1	8	11	1	1	2	211	29	29	41
2	2	1	8	12	1	1	2	212	29	29	42
2	2	1	8	10	1	1	3	1	29	29	43
2	2	1	8	9	1	1	3	2	29	29	44
2	2	2	1	57	1	1	3	3	29	29	45
2	2	2	1	54	1	1	3	4	29	29	46
2	2	2	1	53	1	1	3	5	29	29	47
2	2	2	1	55	1	1	3	6	29	29	48
2	2	1	8	6	1	1	3	7	29	29	49
2	2	1	8	5	1	1	3	8	29	29	50
2	2	1	8	7	1	1	3	9	29	29	51
2	2	1	8	8	1	1	3	10	29	29	52
2	2	2	1	56	1	1	3	11	29	29	53
2	2	2	1	59	1	1	3	12	29	29	54
2	2	2	1	60	1	1	3	13	29	29	55
2	2	2	1	58	1	1	3	14	29	29	56
2	2	1	8	3	1	1	3	15	29	29	57
2	2	1	8	4	1	1	3	16	29	29	58
2	2	1	8	2	1	1	3	17	29	29	59
2	2	1	8	1	1	1	3	18	29	29	60
2	2	2	1	64	1	1	3	19	29	29	61
2	2	2	1	63	1	1	3	20	29	29	62
2	2	2	1	62	1	1	3	21	29	29	63
2	2	2	1	61	1	1	3	22	29	29	64
2	2	1	8	61	1	1	3	23	29	29	65
2	2	1	8	62	1	1	3	24	29	29	66
2	2	1	8	63	1	1	3	25	29	29	67
2	2	1	8	64	1	1	3	26	29	29	68
2	2	2	1	1	1	1	3	27	29	29	69
2	2	2	1	2	1	1	3	28	29	29	70
2	2	2	1	4	1	1	3	29	29	29	71
2	2	2	1	3	1	1	3	30	29	29	72
2	2	1	8	58	1	1	3	31	29	29	73
2	2	1	8	60	1	1	3	32	29	29	74
2	2	1	8	59	1	1	3	33	29	29	75
2	2	1	8	56	1	1	3	34	29	29	76
2	2	2	1	8	1	1	3	35	29	29	77
2	2	2	1	7	1	1	3	36	29	29	78
2	2	2	1	5	1	1	3	37	29	29	79
2	2	2	1	6	1	1	3	38	29	29	80
2	2	1	8	55	1	1	3	39	29	29	81
2	2	1	8	53	1	1	3	40	29	29	82
2	2	1	8	54	1	1	3	41	29	29	83
2	2	1	8	57	1	1	3	42	29	29	84
2	2	2	1	9	1	1	3	43	29	29	85
2	2	2	1	10	1	1	3	44	29	29	86
2	2	2	1	12	1	1	3	45	29	29	87
2	2	2	1	11	1	1	3	46	29	29	88
2	2	1	8	52	1	1	3	47	29	29	89
2	2	1	8	51	1	1	3	48	29	29	90
2	2	1	8	49	1	1	3	49	29	29	91
2	2	1	8	50	1	1	3	50	29	29	92
2	2	2	1	16	1	1	3	51	29	29	93
2	2	2	1	15	1	1	3	52	29	29	94
2	2	2	1	13	1	1	3	53	29	29	95
2	2	2	1	14	1	1	3	54	29	29	96
2	2	1	8	45	1	1	3	55	29	29	97
2	2	1	8	46	1	1	3	56	29	29	98
2	2	1	8	48	1	1	3	57	29	29	99
2	2	1	8	47	1	1	3	58	29	29	100
2	2	2	1	17	1	1	3	59	29	29	101
2	2	2	1	18	1	1	3	60	29	29	102
2	2	2	1	20	1	1	3	61	29	29	103
2	2	2	1	19	1	1	3	62	29	29	104
2	2	1	8	42	1	1	3	63	29	29	105
2	2	1	8	44	1	1	3	64	29	29	106
2	2	1	8	43	1	1	3	65	29	29	107
2	2	1	8	40	1	1	3	66	29	29	108
2	2	2	1	24	1	1	3	67	29	29	109
2	2	2	1	23	1	1	3	68	29	29	110
2	2	2	1	21	1	1	3	69	29	29	111
2	2	2	1	22	1	1	3	70	29	29	112
2	2	1	8	39	1	1	3	71	29	29	113
2	2	1	8	37	1	1	3	72	29	29	114
2	2	1	8	38	1	1	3	73	29	29	115
2	2	1	8	41	1	1	3	74	29	29	116
2	2	2	1	25	1	1	3	75	29	29	117
2	2	2	1	26	1	1	3	76	29	29	118
2	2	2	1	28	1	1	3	77	29	29	119
2	2	2	1	27	1	1	3	78	29	29	120
2	2	1	8	36	1	1	3	79	29	29	121
2	2	1	8	35	1	1	3	80	29	29	122
2	2	1	8	33	1	1	3	81	29	29	123
2	2	1	8	34	1	1	3	82	29	29	124
2	2	2	1	32	1	1	3	83	29	29	125
2	2	2	1	31	1	1	3	84	29	29	126
2	2	2	1	29	1	1	3	85	29	29	127
2	2	2	1	30	1	1	3	86	29	29	128
