2 boards
574264 1 1 79.0343 78.4229 3.846 7.56455 0.131022 1 1 1
574264 1 2 80.4517 79.6795 3.86681 7.83159 0.136926 1 1 1
574264 1 3 79.319 78.4649 3.95962 7.73103 0.135355 1 1 1
574264 1 4 80.4517 79.6795 3.86681 7.83159 0.136926 1 1 1
574264 1 5 80.6684 79.7306 3.84757 7.53395 0.135596 1 1 1
574264 1 6 80.4517 79.6795 3.86681 7.83159 0.136926 1 1 1
574264 1 7 81.2435 80.2509 3.80135 7.56299 0.147836 1 1 1
574264 1 8 80.7854 79.9714 3.75037 7.79006 0.129333 1 1 1
574264 1 9 80.4571 79.4243 3.85314 7.6149 0.144562 1 1 1
574264 1 10 80.6418 79.8831 4.01075 7.42141 0.154637 1 1 1
574264 1 11 79.6693 78.6791 4.12584 7.59957 0.151418 1 1 1
574264 1 12 80.3699 79.5224 4.241 7.36379 0.163392 1 1 1
574264 1 13 81.3613 80.4194 4.02149 7.55356 0.149695 1 1 1
574264 1 14 79.8973 79.0949 4.23648 7.58627 0.142889 1 1 1
574264 1 15 82.6653 81.8971 3.89816 7.45372 0.142075 1 1 1
574264 1 16 82.4042 81.7353 3.82459 7.56786 0.134323 1 1 1
574264 1 17 80.3575 79.4883 4.42938 7.54911 0.148517 1 1 1
574264 1 18 81.1295 80.3716 4.01171 7.42924 0.157485 1 1 1
574264 1 19 80.6053 79.6882 4.9828 7.4607 0.153114 1 1 1
574264 1 20 81.2429 80.3707 4.15022 7.46944 0.157609 1 1 1
574264 1 21 81.9177 80.9937 4.14012 7.63165 0.145563 1 1 1
574264 1 22 81.7056 80.6379 4.91671 7.6346 0.162516 1 1 1
574264 1 23 81.7604 80.8398 4.0386 7.53831 0.15027 1 1 1
574264 1 24 81.1499 80.3784 3.94174 7.72588 0.13733 1 1 1
574264 1 25 81.8596 80.8659 4.30834 7.26077 0.182065 1 1 1
574264 1 26 80.868 79.9913 4.41616 7.22583 0.187589 1 1 1
574264 1 27 80.6879 79.593 4.82307 7.09418 0.177016 1 1 1
574264 1 28 80.8519 80.132 4.58034 7.136 0.179154 1 1 1
574264 1 29 81.3 80.1815 4.81792 7.12115 0.186015 1 1 1
574264 1 30 81.2488 80.3323 5.49486 7.07526 0.203121 1 1 1
574264 1 31 83.2676 82.5972 4.48232 7.17837 0.180135 1 1 1
574264 1 32 81.0836 80.4958 4.40916 7.17537 0.16389 1 1 1
574264 1 33 78.7556 78.1414 3.57405 7.95825 0.131753 1 1 1
574264 1 34 78.5389 77.9779 3.52216 8.26908 0.107021 1 1 1
574264 1 35 80.4925 79.6721 3.62061 7.85895 0.130825 1 1 1
574264 1 36 79.8789 79.0224 4.02105 7.77674 0.139683 1 1 1
574264 1 37 80.0399 79.1849 3.74422 8.05781 0.124826 1 1 1
574264 1 38 80.7501 79.9872 3.5635 8.193 0.120311 1 1 1
574264 1 39 81.6556 80.8486 3.61314 8.06243 0.125015 1 1 1
574264 1 40 81.5375 80.8797 3.55945 8.31597 0.106785 1 1 1
574264 1 41 81.2223 80.3366 3.35025 8.57516 0.0912425 1 1 1
574264 1 42 80.6753 79.943 3.70598 8.17482 0.116652 1 1 1
574264 1 43 83.1108 82.2026 3.66014 8.1795 0.118986 1 1 1
574264 1 44 80.6181 79.9446 3.69559 8.18735 0.115399 1 1 1
574264 1 45 80.7468 79.8235 3.62485 8.27589 0.113273 1 1 1
574264 1 46 81.71 80.9593 3.62868 8.22419 0.115399 1 1 1
574264 1 47 80.4303 79.4702 3.45829 8.2953 0.110121 1 1 1
574264 1 48 81.1028 80.3518 3.55367 8.09904 0.113249 1 1 1
574264 1 49 81.498 80.5945 3.61221 8.21457 0.118103 1 1 1
574264 1 50 82.4503 81.6092 3.54025 8.39481 0.104843 1 1 1
574264 1 51 81.7906 80.8944 3.75182 8.0863 0.122983 1 1 1
574264 1 52 81.0287 80.3245 4.30576 7.94728 0.138214 1 1 1
574264 1 53 82.3674 81.4672 3.80519 8.15029 0.119263 1 1 1
574264 1 54 81.9463 81.2605 3.67588 8.21701 0.121921 1 1 1
574264 1 55 82.8186 81.8451 3.81379 8.13377 0.124016 1 1 1
574264 1 56 82.6101 81.8361 4.02302 7.92878 0.137101 1 1 1
574264 1 57 81.5127 80.6005 3.54412 8.5413 0.103262 1 1 1
574264 1 58 80.9909 80.1583 4.1743 7.66177 0.166029 1 1 1
574264 1 59 82.4801 81.4109 4.09075 7.78112 0.146444 1 1 1
574264 1 60 81.5844 80.7439 4.11753 7.6389 0.166279 1 1 1
574264 1 61 82.749 81.8295 4.11402 7.8589 0.142442 1 1 1
574264 1 62 81.986 81.2635 4.02175 7.82315 0.145118 1 1 1
574264 1 63 83.4209 82.5597 3.98829 7.94092 0.14357 1 1 1
574264 1 64 81.9751 81.1868 3.99396 7.99093 0.133135 1 1 1
574264 2 1 74.8282 74.2052 3.45397 7.86413 0.120251 1 1 1
574264 2 2 76.5606 75.8767 3.5517 7.81726 0.128699 1 1 1
574264 2 3 75.365 74.6841 3.45371 7.9535 0.116559 1 1 1
574264 2 4 76.5606 75.8767 3.5517 7.81726 0.128699 1 1 1
574264 2 5 76.7623 75.9524 3.50279 7.641 0.128554 1 1 1
574264 2 6 76.5606 75.8767 3.5517 7.81726 0.128699 1 1 1
574264 2 7 75.6227 74.6342 3.54573 7.46181 0.14506 1 1 1
574264 2 8 76.8536 76.0992 3.5431 7.7456 0.131616 1 1 1
574264 2 9 76.4087 75.4449 3.48422 7.96212 0.115501 1 1 1
574264 2 10 76.1918 75.3863 3.55321 7.78664 0.126021 1 1 1
574264 2 11 76.6975 75.9054 3.58831 7.79667 0.132596 1 1 1
574264 2 12 76.8425 76.1578 3.56127 7.7163 0.130727 1 1 1
574264 2 13 76.336 75.4645 3.63854 7.53718 0.142026 1 1 1
574264 2 14 75.7626 75.2003 3.55534 7.62946 0.124614 1 1 1
574264 2 15 77.5223 76.6989 3.51746 7.67049 0.134448 1 1 1
574264 2 16 75.6993 74.8889 3.42784 7.73427 0.12073 1 1 1
574264 2 17 75.825 75.0445 3.64761 7.69903 0.134824 1 1 1
574264 2 18 77.4988 76.627 3.75993 7.46611 0.151334 1 1 1
574264 2 19 77.9451 77.2315 3.70233 7.56556 0.141514 1 1 1
574264 2 20 76.9674 76.2079 3.73884 7.50655 0.145997 1 1 1
574264 2 21 78.5254 77.9311 3.73204 7.18271 0.157221 1 1 1
574264 2 22 79.3548 78.4042 3.68709 6.343 0.214239 1 1 1
574264 2 23 76.929 76.0755 3.75738 7.22239 0.170578 1 1 1
574264 2 24 77.6532 76.9458 3.72646 7.55056 0.144097 1 1 1
574264 2 25 78.0857 77.3659 3.64517 8.34162 0.110125 1 1 1
574264 2 26 77.8494 77.2124 3.73553 8.19139 0.119094 1 1 1
574264 2 27 76.0036 75.2932 3.71372 8.08133 0.12474 1 1 1
574264 2 28 77.1728 76.4073 3.75289 8.00096 0.128699 1 1 1
574264 2 29 77.0741 76.3124 3.74751 6.74093 0.186184 1 1 1
574264 2 30 76.7147 76.1904 3.71865 7.15316 0.151505 1 1 1
574264 2 31 77.6684 77.1121 3.71744 7.33526 0.151301 1 1 1
574264 2 32 78.2242 77.5769 3.61756 6.74871 0.169577 1 1 1
574264 2 33 68.148 67.6006 3.19562 7.45575 0.111288 1 1 1
574264 2 34 70.6352 70.167 3.15587 7.80088 0.104262 1 1 1
574264 2 35 70.922 70.2299 3.25538 7.56424 0.112648 1 1 1
574264 2 36 70.3757 69.7584 3.29306 7.59202 0.110869 1 1 1
574264 2 37 71.7045 70.9654 3.3758 7.4233 0.119577 1 1 1
574264 2 38 72.0476 71.3928 3.32058 7.40462 0.118506 1 1 1
574264 2 39 71.8429 70.9114 3.43537 7.32205 0.128698 1 1 1
574264 2 40 70.7108 70.1372 3.19717 7.79325 0.0983302 1 1 1
574264 2 41 71.4275 70.7109 3.25635 7.60282 0.109721 1 1 1
574264 2 42 70.1446 69.4946 3.39787 7.52858 0.116384 1 1 1
574264 2 43 71.6256 70.9585 3.25159 7.69619 0.109896 1 1 1
574264 2 44 71.4962 70.8807 3.28261 7.45352 0.124915 1 1 1
574264 2 45 71.6823 70.8967 3.3879 7.47989 0.118556 1 1 1
574264 2 46 71.8145 70.9615 3.34264 7.21218 0.129279 1 1 1
574264 2 47 72.5233 71.7315 3.18006 7.72224 0.104696 1 1 1
574264 2 48 70.6301 70.093 3.26236 7.4395 0.116223 1 1 1
574264 2 49 72.9517 72.1817 3.1802 7.59065 0.114695 1 1 1
574264 2 50 72.6524 71.9404 3.09536 7.94406 0.0935768 1 1 1
574264 2 51 72.0323 71.2273 3.35473 7.541 0.123467 1 1 1
574264 2 52 72.0123 71.3587 3.33273 7.52815 0.124811 1 1 1
574264 2 53 72.6511 71.8595 3.31296 7.46334 0.121369 1 1 1
574264 2 54 72.3037 71.5844 3.22283 7.54315 0.118192 1 1 1
574264 2 55 71.7215 70.9958 3.30703 7.46625 0.118003 1 1 1
574264 2 56 72.6359 71.9869 3.1902 7.84386 0.105165 1 1 1
574264 2 57 72.7145 71.9548 3.08988 7.80658 0.10229 1 1 1
574264 2 58 72.0801 71.3436 3.31333 7.49657 0.119671 1 1 1
574264 2 59 71.7166 70.9251 3.27429 7.60923 0.114356 1 1 1
574264 2 60 72.5097 71.8163 3.26064 7.56421 0.114911 1 1 1
574264 2 61 72.6128 71.8133 3.23374 7.34368 0.128513 1 1 1
574264 2 62 72.9322 72.2402 3.33059 7.35067 0.146463 1 1 1
574264 2 63 73.6608 72.887 3.2893 7.55783 0.116387 1 1 1
574264 2 64 73.1926 72.4266 3.21673 7.61104 0.106242 1 1 1
574264 3 1 77.565 77.0745 2.93443 7.59043 0.0979928 1 1 1
574264 3 2 79.552 78.7712 2.7301 7.38501 0.102068 1 1 1
574264 3 3 78.8944 78.2537 2.93888 7.53478 0.0977243 1 1 1
574264 3 4 79.552 78.7712 2.7301 7.38501 0.102068 1 1 1
574264 3 5 78.6602 77.9656 2.78217 7.08825 0.111185 1 1 1
574264 3 6 79.552 78.7712 2.7301 7.38501 0.102068 1 1 1
574264 3 7 79.4531 78.712 2.80531 7.05676 0.116259 1 1 1
574264 3 8 86.1525 79.0821 2.70535 8.83755 0.401213 1 1 1
574264 3 9 85.4674 78.0251 3.11358 9.04811 0.424998 1 1 1
574264 3 10 84.5802 78.6443 3.11329 7.70388 0.463557 1 1 1
574264 3 11 79.1298 78.3637 3.02969 7.63318 0.0972873 1 1 1
574264 3 12 78.3182 77.555 3.02737 7.43174 0.10153 1 1 1
574264 3 13 80.4598 79.7567 2.89235 7.26685 0.105681 1 1 1
574264 3 14 79.2924 78.4498 2.81866 7.34482 0.0986008 1 1 1
574264 3 15 79.8212 79.0584 2.94358 7.17344 0.113089 1 1 1
574264 3 16 86.1575 79.4711 2.92937 8.68065 0.385752 1 1 1
574264 3 17 86.0173 78.2904 4.06329 9.5294 0.473433 1 1 1
574264 3 18 78.3455 77.4226 4.0791 7.89037 0.122293 1 1 1
574264 3 19 78.8923 78.1075 3.86541 8.01861 0.10712 1 1 1
574264 3 20 84.34 77.8673 4.00205 8.4893 0.467996 1 1 1
574264 3 21 84.8205 78.0179 3.80713 9.05831 0.485164 1 1 1
574264 3 22 80.1651 79.0173 3.79168 7.76738 0.119364 1 1 1
574264 3 23 85.5913 77.6471 3.91008 9.65659 0.432232 1 1 1
574264 3 24 80.7444 79.7167 3.90176 7.99189 0.116848 1 1 1
574264 3 25 78.8864 78.0847 3.73957 8.04832 0.108057 1 1 1
574264 3 26 80.3536 79.5833 3.67263 7.75817 0.116275 1 1 1
574264 3 27 79.91 79.2055 3.61526 7.92359 0.107513 1 1 1
574264 3 28 80.24 79.4319 3.61929 7.71079 0.115974 1 1 1
574264 3 29 79.1723 78.4613 3.60636 6.98723 0.138686 1 1 1
574264 3 30 79.6082 78.8175 3.49801 7.07462 0.129678 1 1 1
574264 3 31 79.0756 78.4333 3.65413 6.99978 0.142212 1 1 1
574264 3 32 80.5431 79.8607 3.61091 7.34026 0.123937 1 1 1
574264 3 33 82.325 77.0139 3.31123 7.45801 0.560889 1 1 1
574264 3 34 78.1686 77.5838 3.07836 7.82461 0.101363 1 1 1
574264 3 35 78.0369 77.3556 3.44387 7.67524 0.115788 1 1 1
574264 3 36 79.2017 78.431 3.52203 7.72678 0.118149 1 1 1
574264 3 37 78.7675 77.9485 3.3432 7.50093 0.116064 1 1 1
574264 3 38 84.9785 78.0652 3.25793 8.80619 0.447772 1 1 1
574264 3 39 79.3236 78.547 3.45093 7.74572 0.120685 1 1 1
574264 3 40 78.6902 78.1337 3.37437 8.67476 0.0901506 1 1 1
574264 3 41 80.8423 80.0632 3.09662 7.85231 0.0950744 1 1 1
574264 3 42 78.396 77.7133 3.64656 8.53642 0.0934374 1 1 1
574264 3 43 79.3738 78.5505 3.65012 8.29932 0.105636 1 1 1
574264 3 44 80.8405 80.3015 3.68274 8.41626 0.0960909 1 1 1
574264 3 45 78.3569 77.5189 3.6764 8.42079 0.0895951 1 1 1
574264 3 46 80.0882 79.293 3.72413 8.09596 0.111274 1 1 1
574264 3 47 80.8462 80.0197 3.4745 8.3843 0.0886143 1 1 1
574264 3 48 86.971 79.3968 3.63724 9.61613 0.432616 1 1 1
574264 3 49 78.2864 77.4736 3.39976 8.18523 0.0906665 1 1 1
574264 3 50 79.796 79.0333 3.20795 8.47312 0.0830868 1 1 1
574264 3 51 80.5196 79.7716 3.31165 8.42046 0.0866554 1 1 1
574264 3 52 80.9799 80.2209 3.32914 8.59431 0.0823608 1 1 1
574264 3 53 81.0872 80.3642 3.28429 8.21104 0.0880741 1 1 1
574264 3 54 80.9057 80.1189 3.26377 8.10863 0.100187 1 1 1
574264 3 55 80.3939 79.5798 3.41362 8.36601 0.0890609 1 1 1
574264 3 56 81.1134 80.3167 2.85398 7.93422 0.0865932 1 1 1
574264 3 57 79.8593 78.9974 3.17747 8.24018 0.0907293 1 1 1
574264 3 58 80.9284 80.1912 2.92579 7.94329 0.0878004 1 1 1
574264 3 59 81.3116 80.5791 2.90835 7.79546 0.0928501 1 1 1
574264 3 60 81.7931 80.8558 2.86545 7.71991 0.100314 1 1 1
574264 3 61 81.4509 80.6373 2.8124 7.72092 0.0917997 1 1 1
574264 3 62 81.4085 80.6929 2.79947 7.58084 0.101654 1 1 1
574264 3 63 81.4942 80.736 2.77577 7.5105 0.0960527 1 1 1
574264 3 64 81.6805 80.8875 2.68628 7.72119 0.0880228 1 1 1
574264 4 1 76.8574 76.3523 2.61357 7.69268 0.0962145 1 1 1
574264 4 2 78.5938 77.7463 2.64438 7.76913 0.0997034 1 1 1
574264 4 3 78.0505 77.5218 2.78179 7.53473 0.102976 1 1 1
574264 4 4 78.5938 77.7463 2.64438 7.76913 0.0997034 1 1 1
574264 4 5 77.5769 76.9211 2.65592 7.65286 0.102085 1 1 1
574264 4 6 78.5938 77.7463 2.64438 7.76913 0.0997034 1 1 1
574264 4 7 78.2124 77.6087 2.60363 7.56578 0.104591 1 1 1
574264 4 8 78.3503 77.4806 2.58085 7.80591 0.0969681 1 1 1
574264 4 9 78.2016 77.4813 2.56087 7.5542 0.0974672 1 1 1
574264 4 10 78.8722 78.022 2.63758 7.37199 0.107847 1 1 1
574264 4 11 78.7675 78.0304 2.64763 7.56096 0.0983174 1 1 1
574264 4 12 79.1663 78.403 2.63409 7.46893 0.109924 1 1 1
574264 4 13 79.3093 78.5969 2.67856 7.59998 0.0990167 1 1 1
574264 4 14 79.2241 78.4123 2.60595 7.75445 0.0956375 1 1 1
574264 4 15 79.0149 78.3636 2.62206 7.50922 0.104512 1 1 1
574264 4 16 80.4346 79.7493 2.57582 7.79843 0.0999038 1 1 1
574264 4 17 79.3495 78.6244 2.56059 7.14061 0.116655 1 1 1
574264 4 18 79.4 78.6576 2.51957 6.95469 0.117661 1 1 1
574264 4 19 79.3419 78.6233 2.57116 7.03888 0.113818 1 1 1
574264 4 20 80.526 79.6463 2.56105 7.00751 0.120816 1 1 1
574264 4 21 78.8246 78.2848 2.60283 7.28696 0.107476 1 1 1
574264 4 22 80.6 79.5259 2.60948 7.34635 0.108863 1 1 1
574264 4 23 79.3362 78.7403 2.57956 7.23297 0.108731 1 1 1
574264 4 24 79.7004 78.873 2.59137 7.52546 0.104899 1 1 1
574264 4 25 80.3889 79.7679 2.6009 7.03213 0.12427 1 1 1
574264 4 26 80.5915 79.7887 2.73827 6.93941 0.133923 1 1 1
574264 4 27 80.3891 79.7469 2.69135 6.95666 0.127507 1 1 1
574264 4 28 80.4 79.6488 2.76314 6.96082 0.129951 1 1 1
574264 4 29 79.2573 78.6285 2.78403 6.8832 0.133103 1 1 1
574264 4 30 80.6369 79.8009 2.85768 6.85679 0.133763 1 1 1
574264 4 31 79.7152 79.2312 2.7379 6.9119 0.133589 1 1 1
574264 4 32 80.7705 80.0867 2.65801 7.03452 0.125741 1 1 1
574264 4 33 79.6021 79.2062 2.37451 7.58743 0.0877589 1 1 1
574264 4 34 79.275 78.7357 2.34933 7.82849 0.0845117 1 1 1
574264 4 35 80.5431 79.95 2.39165 7.65592 0.0890538 1 1 1
574264 4 36 82.4608 81.7423 2.37923 7.61809 0.0879043 1 1 1
574264 4 37 81.5364 80.9098 2.38817 7.80843 0.0878298 1 1 1
574264 4 38 80.9376 80.1894 2.40175 7.72871 0.0875187 1 1 1
574264 4 39 81.1815 80.4883 2.34283 7.89265 0.0828498 1 1 1
574264 4 40 81.8594 81.1025 2.48819 7.84196 0.0883684 1 1 1
574264 4 41 82.3864 81.7678 2.31508 7.97913 0.0743016 1 1 1
574264 4 42 82.2664 81.514 2.38426 7.78122 0.0857293 1 1 1
574264 4 43 82.7635 82.1479 2.35123 7.8277 0.0808764 1 1 1
574264 4 44 83.2824 82.6014 2.37308 7.84395 0.0843091 1 1 1
574264 4 45 82.2649 81.5813 2.30853 8.05326 0.076429 1 1 1
574264 4 46 82.5259 81.834 2.29663 7.99432 0.0759748 1 1 1
574264 4 47 80.6948 79.9834 2.30409 8.07424 0.0800088 1 1 1
574264 4 48 82.7172 81.9806 2.32987 8.0134 0.079095 1 1 1
574264 4 49 81.1569 80.5111 2.43593 7.5825 0.0965745 1 1 1
574264 4 50 82.551 81.8683 2.45007 7.80627 0.0906985 1 1 1
574264 4 51 82.0966 81.4185 2.55553 7.67954 0.0939881 1 1 1
574264 4 52 83.3102 82.5908 2.50616 7.63855 0.0877188 1 1 1
574264 4 53 82.9148 82.2745 2.45344 7.82449 0.0852769 1 1 1
574264 4 54 83.3346 82.6981 2.41868 7.80208 0.0850072 1 1 1
574264 4 55 82.1842 81.5097 2.42668 7.78232 0.0817968 1 1 1
574264 4 56 83.8824 83.1082 2.48987 7.7853 0.088475 1 1 1
574264 4 57 84.4454 83.7903 2.3682 7.92915 0.0787492 1 1 1
574264 4 58 82.9563 82.2114 2.4891 7.827 0.0905787 1 1 1
574264 4 59 82.1961 81.5115 2.5901 7.70582 0.0972369 1 1 1
574264 4 60 84.0416 83.3239 2.58441 7.68226 0.0877134 1 1 1
574264 4 61 82.3286 81.6781 2.42786 8.06355 0.0788754 1 1 1
574264 4 62 84.1161 83.4055 2.4181 7.87882 0.08616 1 1 1
574264 4 63 82.6956 82.0327 2.46513 7.88728 0.0861111 1 1 1
574264 4 64 84.5112 83.7352 2.40408 8.04948 0.0803431 1 1 1
574264 5 1 80.0752 79.6059 2.73348 7.34061 0.112382 1 1 1
574264 5 2 87.5625 81.0589 2.88748 8.30262 0.536886 1 1 1
574264 5 3 82.4363 81.9389 2.72807 7.29239 0.117463 1 1 1
574264 5 4 87.5625 81.0589 2.88748 8.30262 0.536886 1 1 1
574264 5 5 82.1029 81.4517 2.85431 7.16226 0.133121 1 1 1
574264 5 6 87.5625 81.0589 2.88748 8.30262 0.536886 1 1 1
574264 5 7 81.5552 80.9287 2.8537 7.11875 0.117071 1 1 1
574264 5 8 87.669 80.7787 2.8709 8.63829 0.564804 1 1 1
574264 5 9 81.9124 81.261 2.82281 7.64436 0.110401 1 1 1
574264 5 10 83.3855 82.5259 2.80299 7.30716 0.120561 1 1 1
574264 5 11 82.3395 81.7181 2.75559 7.41575 0.114954 1 1 1
574264 5 12 83.3405 82.4486 2.7813 7.28524 0.115471 1 1 1
574264 5 13 81.6222 80.9117 2.91565 7.18005 0.14073 1 1 1
574264 5 14 83.8044 82.9604 2.84663 7.30468 0.115082 1 1 1
574264 5 15 80.9993 80.342 2.95915 7.13954 0.127973 1 1 1
574264 5 16 82.5478 81.7147 2.86937 7.431 0.12267 1 1 1
574264 5 17 81.3706 80.7475 2.96854 7.84042 0.10626 1 1 1
574264 5 18 84.1152 83.2755 2.96514 7.45294 0.12517 1 1 1
574264 5 19 83.6119 82.9601 2.87454 7.58853 0.108828 1 1 1
574264 5 20 84.0539 83.1623 2.93598 7.48002 0.124332 1 1 1
574264 5 21 82.695 82.0365 3.02637 7.28519 0.132761 1 1 1
574264 5 22 84.0763 83.1668 2.97425 7.45669 0.117328 1 1 1
574264 5 23 82.2594 81.7386 3.07457 7.29875 0.136273 1 1 1
574264 5 24 84.2943 83.4142 3.11526 7.73726 0.120944 1 1 1
574264 5 25 82.4286 81.8077 3.10175 7.90443 0.10929 1 1 1
574264 5 26 82.9224 82.2822 3.02498 7.68531 0.115918 1 1 1
574264 5 27 82.9268 82.3701 3.04913 7.81544 0.10946 1 1 1
574264 5 28 83.183 82.6025 3.07771 7.64021 0.115308 1 1 1
574264 5 29 82.5731 82.0685 3.18297 6.87613 0.147207 1 1 1
574264 5 30 83.8858 83.2376 3.08318 7.3697 0.126656 1 1 1
574264 5 31 83.4179 82.8987 3.13109 7.2801 0.137655 1 1 1
574264 5 32 82.4771 81.925 3.11259 7.53465 0.126034 1 1 1
574264 5 33 74.0341 73.5597 2.93013 7.57269 0.111 1 1 1
574264 5 34 74.9017 74.1431 2.93485 7.8017 0.106198 1 1 1
574264 5 35 75.1211 74.464 2.97314 7.59695 0.110208 1 1 1
574264 5 36 75.2676 74.3593 2.92977 7.55059 0.112973 1 1 1
574264 5 37 76.0032 75.3393 3.00904 7.51109 0.109611 1 1 1
574264 5 38 75.8469 75.0148 2.99516 7.52302 0.114092 1 1 1
574264 5 39 76.3417 75.6017 2.98688 7.51487 0.109189 1 1 1
574264 5 40 76.7139 75.9499 2.92075 7.78708 0.104059 1 1 1
574264 5 41 75.6418 74.9412 2.9926 7.66693 0.107593 1 1 1
574264 5 42 77.1764 76.3054 3.20852 7.50564 0.111821 1 1 1
574264 5 43 76.9506 76.2583 2.99329 7.4983 0.102393 1 1 1
574264 5 44 76.4193 75.6259 2.93016 7.57272 0.110718 1 1 1
574264 5 45 76.6379 75.9211 2.98157 7.49807 0.107964 1 1 1
574264 5 46 77.0145 76.2297 2.98796 7.38838 0.118722 1 1 1
574264 5 47 76.9006 76.2629 2.92713 7.42187 0.111878 1 1 1
574264 5 48 76.7328 75.8646 2.95206 7.29171 0.123445 1 1 1
574264 5 49 76.3182 75.7415 2.85614 7.36569 0.11065 1 1 1
574264 5 50 77.2264 76.3693 2.84074 7.69122 0.0991476 1 1 1
574264 5 51 76.5345 75.8279 2.89043 7.01305 -0.0946272 1 1 1
574264 5 52 76.5982 75.7475 2.89362 7.3131 0.114561 1 1 1
574264 5 53 76.8434 76.2671 2.98735 7.21239 0.125069 1 1 1
574264 5 54 76.1825 75.3378 2.97675 7.18599 0.129526 1 1 1
574264 5 55 78.0823 77.5517 2.99377 6.93011 -0.105832 1 1 1
574264 5 56 77.6835 76.8558 2.739 7.40936 0.103559 1 1 1
574264 5 57 77.368 76.7327 3.07513 7.53708 0.109154 1 1 1
574264 5 58 83.4251 77.1251 2.66655 8.33486 0.410018 1 1 1
574264 5 59 83.6023 77.1265 2.7472 8.48555 0.419505 1 1 1
574264 5 60 82.3337 76.5609 2.74865 7.31843 0.645151 1 1 1
574264 5 61 76.7332 76.0789 2.81519 7.07747 0.118171 1 1 1
574264 5 62 76.4435 75.6605 2.80455 7.04332 0.12325 1 1 1
574264 5 63 77.065 76.3778 2.87576 7.10347 0.126389 1 1 1
574264 5 64 77.9108 77.1086 2.83527 7.33839 0.108953 1 1 1
574264 6 1 78.0544 77.4874 1.82177 6.68203 0.100359 1 1 1
574264 6 2 80.2021 79.358 1.87487 6.68898 0.105574 1 1 1
574264 6 3 78.0505 77.3918 1.83147 6.66444 0.101186 1 1 1
574264 6 4 80.2021 79.358 1.87487 6.68898 0.105574 1 1 1
574264 6 5 77.1385 76.3651 1.94736 6.65164 0.103055 1 1 1
574264 6 6 80.2021 79.358 1.87487 6.68898 0.105574 1 1 1
574264 6 7 78.2273 77.4619 1.88399 6.6903 0.102633 1 1 1
574264 6 8 80.3603 79.4729 1.85757 6.68895 0.101704 1 1 1
574264 6 9 79.2159 78.4288 1.88191 6.5794 0.106088 1 1 1
574264 6 10 83.731 78.6617 1.88625 6.37666 0.589007 1 1 1
574264 6 11 79.1656 78.4496 1.83701 6.58475 0.111249 1 1 1
574264 6 12 79.7907 78.9335 1.89479 6.57873 0.108867 1 1 1
574264 6 13 79.9709 79.1904 2.14533 6.38209 0.118006 1 1 1
574264 6 14 84.8801 79.4404 1.84785 7.07237 0.509249 1 1 1
574264 6 15 79.1017 78.3178 1.89116 6.51933 0.115366 1 1 1
574264 6 16 79.9728 79.1147 1.9431 6.50633 0.118433 1 1 1
574264 6 17 80.523 79.7518 1.96355 6.46498 0.115825 1 1 1
574264 6 18 81.5727 80.7189 2.01738 6.38588 0.128669 1 1 1
574264 6 19 81.1036 80.3485 2.03505 6.34589 0.128905 1 1 1
574264 6 20 81.4992 80.6145 2.11537 6.28437 0.133558 1 1 1
574264 6 21 81.9333 81.2456 2.12765 6.20696 0.149874 1 1 1
574264 6 22 82.6456 81.7295 2.04467 6.23345 0.144079 1 1 1
574264 6 23 79.328 78.7258 2.85313 6.17236 0.147153 1 1 1
574264 6 24 81.0214 80.1059 2.36789 6.36645 0.127833 1 1 1
574264 6 25 79.6968 79.0647 2.32475 6.35731 0.126915 1 1 1
574264 6 26 80.8407 80.1957 2.18541 6.32191 0.143971 1 1 1
574264 6 27 79.5058 78.9649 2.24817 6.3407 0.139848 1 1 1
574264 6 28 80.6484 80.0767 2.25037 6.38205 0.139253 1 1 1
574264 6 29 80.189 79.6795 2.26314 6.08861 0.154915 1 1 1
574264 6 30 80.263 79.7832 2.38753 5.9791 0.166743 1 1 1
574264 6 31 81.8476 81.3779 2.23675 6.17012 0.153353 1 1 1
574264 6 32 81.427 80.9888 2.08145 6.2242 0.137589 1 1 1
574264 6 33 75.2775 74.733 1.8639 6.89331 0.0992934 1 1 1
574264 6 34 76.5218 75.8647 1.9372 6.9558 0.0959739 1 1 1
574264 6 35 76.0121 75.3177 2.27322 6.85753 0.100772 1 1 1
574264 6 36 75.4042 74.5899 2.79625 6.77378 0.107942 1 1 1
574264 6 37 77.8912 77.2175 1.86607 6.83771 0.0984042 1 1 1
574264 6 38 76.234 75.4604 1.95594 6.8646 0.0989304 1 1 1
574264 6 39 76.7066 75.9191 2.07896 6.77011 0.102353 1 1 1
574264 6 40 78.1615 77.3669 1.85367 7.1286 0.0858022 1 1 1
574264 6 41 77.6996 77.0784 1.89983 6.86595 0.0984687 1 1 1
574264 6 42 78.0982 77.3116 2.33597 7.004 0.0891966 1 1 1
574264 6 43 77.8932 77.1651 1.7761 7.03268 0.0881527 1 1 1
574264 6 44 77.5019 76.7407 2.57518 6.95424 0.095282 1 1 1
574264 6 45 79.1252 78.4168 1.95897 6.96452 0.089264 1 1 1
574264 6 46 78.7315 77.9766 1.80398 6.96542 0.0931422 1 1 1
574264 6 47 77.5646 76.8182 1.84963 7.02301 0.0894192 1 1 1
574264 6 48 77.627 76.8377 1.81768 6.96071 0.0921801 1 1 1
574264 6 49 77.398 76.7049 1.78219 7.00851 0.0873199 1 1 1
574264 6 50 79.4369 78.6177 1.77678 6.98924 0.0891581 1 1 1
574264 6 51 77.0072 76.315 1.97596 6.97002 0.087883 1 1 1
574264 6 52 79.8374 79.0578 1.78668 6.8974 0.0913224 1 1 1
574264 6 53 78.3293 77.6696 2.09198 6.83126 0.0927817 1 1 1
574264 6 54 79.247 78.5854 1.92245 6.89206 0.0958046 1 1 1
574264 6 55 78.441 77.7676 1.78447 6.86876 0.0948085 1 1 1
574264 6 56 79.5524 78.779 1.90152 6.87029 0.0978089 1 1 1
574264 6 57 79.9337 79.304 1.82819 6.97234 0.0933568 1 1 1
574264 6 58 78.5312 77.7514 1.78495 6.84269 0.0947069 1 1 1
574264 6 59 79.2797 78.5706 2.14035 6.76548 0.0983303 1 1 1
574264 6 60 78.1471 77.393 1.84567 6.77562 0.0975646 1 1 1
574264 6 61 79.0114 78.3795 1.77079 6.85345 0.0906605 1 1 1
574264 6 62 79.1426 78.4334 2.30194 6.67821 0.105867 1 1 1
574264 6 63 78.9869 78.3311 1.861 6.78834 0.095872 1 1 1
574264 6 64 80.191 79.411 1.89626 6.8236 0.0950996 1 1 1
574264 7 1 71.7367 71.3478 2.85366 8.21175 0.0706738 1 1 1
574264 7 2 75.3766 74.5895 2.91399 8.08701 0.084236 1 1 1
574264 7 3 74.0914 73.5006 2.79276 8.23258 0.0680643 1 1 1
574264 7 4 75.3766 74.5895 2.91399 8.08701 0.084236 1 1 1
574264 7 5 73.3997 72.6862 2.9207 7.97053 0.0829478 1 1 1
574264 7 6 75.3766 74.5895 2.91399 8.08701 0.084236 1 1 1
574264 7 7 75.1486 74.5255 2.99399 8.06089 0.082208 1 1 1
574264 7 8 75.5787 74.7859 2.92285 8.06919 0.0820863 1 1 1
574264 7 9 74.9712 74.257 3.0024 8.33013 0.073898 1 1 1
574264 7 10 75.2219 74.5868 3.12231 8.18219 0.0817446 1 1 1
574264 7 11 74.0513 73.3688 3.08788 8.24493 0.0833314 1 1 1
574264 7 12 75.028 74.3973 3.11613 8.15663 0.0763364 1 1 1
574264 7 13 75.3255 74.6847 3.22397 7.97286 0.0909114 1 1 1
574264 7 14 73.7881 73.0777 3.15882 7.98549 0.0863644 1 1 1
574264 7 15 75.043 74.3139 3.35875 8.07863 0.0903455 1 1 1
574264 7 16 74.8822 74.1798 3.1153 8.20596 0.0789778 1 1 1
574264 7 17 73.3772 72.6062 3.36421 8.09834 0.0940752 1 1 1
574264 7 18 73.3333 72.6741 3.30954 7.98473 0.0940837 1 1 1
574264 7 19 75.2262 74.4696 3.22577 8.10408 0.0924312 1 1 1
574264 7 20 76.207 75.5208 3.30493 8.15445 0.0897159 1 1 1
574264 7 21 75.0343 74.3468 3.42724 7.91459 0.0974816 1 1 1
574264 7 22 75.9282 75.1158 3.41016 7.96899 0.0939577 1 1 1
574264 7 23 74.6436 73.8752 3.49867 7.85601 0.105372 1 1 1
574264 7 24 75.0268 74.339 3.5276 7.99462 0.0972967 1 1 1
574264 7 25 75.3555 74.6136 2.37844 7.71107 0.0808512 1 1 1
574264 7 26 75.0571 74.5719 2.80132 7.88666 0.0879255 1 1 1
574264 7 27 76.1792 75.4744 2.99782 8.15536 0.0832745 1 1 1
574264 7 28 76.5232 76.1023 3.02852 8.03072 0.0856236 1 1 1
574264 7 29 76.2821 75.6435 3.1015 7.83262 0.0943518 1 1 1
574264 7 30 76.3226 75.8362 3.13886 7.87521 0.0937876 1 1 1
574264 7 31 75.4218 74.8634 3.21417 7.73523 0.101997 1 1 1
574264 7 32 76.0475 75.6469 2.63399 7.71566 0.0877776 1 1 1
574264 7 33 77.4865 77.0817 2.84114 8.84095 0.0670492 1 1 1
574264 7 34 76.2379 75.8032 2.83555 8.82328 0.0676139 1 1 1
574264 7 35 75.0782 74.5028 2.96638 8.87661 0.0663767 1 1 1
574264 7 36 76.7118 76.1703 2.91263 8.94836 0.0678855 1 1 1
574264 7 37 77.2805 76.7511 2.87939 8.72565 0.0613694 1 1 1
574264 7 38 78.0151 77.3365 2.90666 8.78112 0.0688123 1 1 1
574264 7 39 78.3531 77.6892 2.95755 8.82424 0.067738 1 1 1
574264 7 40 78.6019 78.0579 2.787 8.60609 0.070964 1 1 1
574264 7 41 77.6221 76.9416 2.78099 8.74986 0.0638658 1 1 1
574264 7 42 79.3796 78.6776 2.8872 8.66134 0.0703666 1 1 1
574264 7 43 77.2719 76.6978 2.88162 8.52024 0.0719728 1 1 1
574264 7 44 78.6745 78.0297 2.83874 8.48321 0.0666534 1 1 1
574264 7 45 78.4282 77.8583 2.86358 8.47067 0.0710288 1 1 1
574264 7 46 77.0832 76.4722 2.89109 8.34039 0.0781241 1 1 1
574264 7 47 80.012 79.4276 2.77909 8.39898 0.0701129 1 1 1
574264 7 48 77.7357 77.0935 2.79072 8.20998 0.0779526 1 1 1
574264 7 49 78.2044 77.4567 2.75688 8.50881 0.0678908 1 1 1
574264 7 50 78.4499 77.8131 2.73269 8.53643 0.0649057 1 1 1
574264 7 51 78.5177 77.8995 2.80683 8.58469 0.0680956 1 1 1
574264 7 52 79.5286 78.837 2.77993 8.61911 0.0708153 1 1 1
574264 7 53 79.0365 78.4456 2.78769 8.45566 0.0737802 1 1 1
574264 7 54 78.5556 78.0286 2.76784 8.35427 0.0736344 1 1 1
574264 7 55 78.864 78.1926 2.7995 8.43539 0.0702798 1 1 1
574264 7 56 80.4396 79.7772 2.92624 8.47836 0.0773719 1 1 1
574264 7 57 79.8391 79.2933 2.79176 8.38154 0.0748273 1 1 1
574264 7 58 80.8892 80.3462 2.83775 8.42851 0.0739727 1 1 1
574264 7 59 79.9189 79.2094 2.93601 8.36723 0.0801742 1 1 1
574264 7 60 77.7224 77.0758 2.87496 8.26779 0.0791486 1 1 1
574264 7 61 79.8723 79.2106 2.84207 8.28196 0.0806529 1 1 1
574264 7 62 79.5515 78.9747 2.84837 8.17597 0.079479 1 1 1
574264 7 63 79.7733 79.18 2.92144 8.24099 0.0793821 1 1 1
574264 7 64 79.8182 79.138 2.85 8.12565 0.0835844 1 1 1
574264 8 1 77.0664 76.5102 3.57543 8.45129 0.0965031 1 1 1
574264 8 2 78.4622 77.926 3.69178 8.37204 0.144432 1 1 1
574264 8 3 76.5709 75.9217 3.45286 8.09579 0.106614 1 1 1
574264 8 4 78.4622 77.926 3.69178 8.37204 0.144432 1 1 1
574264 8 5 76.4585 75.7881 3.65309 7.92969 0.124117 1 1 1
574264 8 6 78.4622 77.926 3.69178 8.37204 0.144432 1 1 1
574264 8 7 76.9178 76.2457 3.60574 8.20182 0.110106 1 1 1
574264 8 8 78.9213 78.4634 3.52508 8.37735 0.0970406 1 1 1
574264 8 9 79.1854 78.4754 3.554 8.28577 0.110752 1 1 1
574264 8 10 76.9493 76.4935 3.61598 8.27703 0.103061 1 1 1
574264 8 11 79.1914 78.1897 3.62011 8.14083 0.113261 1 1 1
574264 8 12 77.5818 77.1064 3.58814 8.15204 0.106681 1 1 1
574264 8 13 78.6289 77.9751 3.7134 7.99806 0.120214 1 1 1
574264 8 14 77.6538 77.158 3.67416 7.97839 0.115503 1 1 1
574264 8 15 78.7871 78.0827 3.69174 8.07901 0.11923 1 1 1
574264 8 16 78.326 77.8133 3.62383 8.31748 0.0987179 1 1 1
574264 8 17 78.2644 77.5388 3.61427 8.26962 0.107024 1 1 1
574264 8 18 78.0682 77.5467 3.77254 8.12846 0.115725 1 1 1
574264 8 19 77.9902 77.2656 3.72384 8.13772 0.111277 1 1 1
574264 8 20 78.8342 78.3642 3.72574 8.1621 0.113079 1 1 1
574264 8 21 78.321 77.6367 3.77012 7.97889 0.12354 1 1 1
574264 8 22 78.467 77.6066 3.8338 8.00549 0.118937 1 1 1
574264 8 23 78.8251 78.3265 3.7206 7.91352 0.123545 1 1 1
574264 8 24 79.1756 78.5452 3.45829 7.97187 0.108893 1 1 1
574264 8 25 79.6944 79.0642 3.48315 8.30152 0.100382 1 1 1
574264 8 26 77.5399 77.0818 3.57827 8.14162 0.11329 1 1 1
574264 8 27 79.4043 78.8819 3.64415 8.54651 0.0947326 1 1 1
574264 8 28 78.295 77.894 3.61277 8.26749 0.104343 1 1 1
574264 8 29 77.8309 77.2743 3.65243 7.56232 0.130253 1 1 1
574264 8 30 78.3918 77.925 3.68465 7.42443 0.130687 1 1 1
574264 8 31 78.5457 78.0719 3.65395 7.51999 0.132524 1 1 1
574264 8 32 77.9175 77.478 3.56084 7.59097 0.123626 1 1 1
574264 8 33 70.3661 69.8924 3.62849 7.4829 0.129708 1 1 1
574264 8 34 71.095 70.6944 3.62158 7.65974 0.115964 1 1 1
574264 8 35 70.4624 69.8447 3.66563 7.4604 0.129216 1 1 1
574264 8 36 72.1032 71.4686 3.70188 7.30143 0.148053 1 1 1
574264 8 37 71.9302 71.1437 3.74849 7.36185 0.137253 1 1 1
574264 8 38 71.5321 70.8908 3.70045 7.47017 0.143102 1 1 1
574264 8 39 71.7746 71.1678 3.74449 7.24974 0.146528 1 1 1
574264 8 40 72.5855 71.9242 3.80142 7.4699 0.165423 1 1 1
574264 8 41 72.8722 72.2842 3.62812 7.40241 0.13348 1 1 1
574264 8 42 72.0744 71.4182 3.73436 7.1428 0.152089 1 1 1
574264 8 43 74.0787 73.3842 3.73966 7.39544 0.153169 1 1 1
574264 8 44 72.1295 71.5875 3.75415 7.34621 0.143955 1 1 1
574264 8 45 73.3403 73.129 3.91798 6.29652 0.145228 1 1 1
574264 8 46 72.0022 71.441 3.83659 6.99076 0.160318 1 1 1
574264 8 47 72.5077 71.8649 3.82217 7.09845 0.162497 1 1 1
574264 8 48 72.3998 71.8168 3.78174 7.07223 0.159516 1 1 1
574264 8 49 74.3816 73.7068 3.64129 7.65934 0.1189 1 1 1
574264 8 50 72.4811 71.9078 3.62017 7.90022 0.120086 1 1 1
574264 8 51 72.8913 72.2332 3.64094 7.45171 0.137063 1 1 1
574264 8 52 73.5801 72.8766 3.59492 7.20455 0.146038 1 1 1
574264 8 53 72.9751 72.3471 3.76539 7.56254 0.13892 1 1 1
574264 8 54 74.0983 73.5379 3.69329 7.51173 0.140339 1 1 1
574264 8 55 72.6442 71.8908 3.78256 7.4764 0.139276 1 1 1
574264 8 56 74.3607 73.7695 3.49717 7.90022 0.11372 1 1 1
574264 8 57 72.7151 72.056 3.66305 7.86741 0.123173 1 1 1
574264 8 58 74.7858 74.1988 3.63513 7.60662 0.136632 1 1 1
574264 8 59 75.5349 74.8463 3.54815 7.68486 0.122603 1 1 1
574264 8 60 73.2877 72.7598 3.61778 7.63866 0.126457 1 1 1
574264 8 61 74.221 73.4376 3.74854 7.60735 0.140373 1 1 1
574264 8 62 73.9102 73.4023 3.69802 7.55607 0.137623 1 1 1
574264 8 63 73.8543 73.1582 3.63712 7.6374 0.138278 1 1 1
574264 8 64 74.1678 73.661 3.5552 7.72195 0.124082 1 1 1
574359 1 1 80.202 79.1769 3.78744 7.18296 0.155097 1 1 1
574359 1 2 80.5634 79.6706 3.97076 7.03443 0.15793 1 1 1
574359 1 3 80.2843 79.1142 3.83014 7.04399 0.165271 1 1 1
574359 1 4 80.5634 79.6706 3.97076 7.03443 0.15793 1 1 1
574359 1 5 80.2978 79.0392 3.95466 6.90473 0.175835 1 1 1
574359 1 6 80.5634 79.6706 3.97076 7.03443 0.15793 1 1 1
574359 1 7 80.2944 79.0575 3.95991 6.82865 0.1807 1 1 1
574359 1 8 80.5993 79.6831 3.97707 7.17378 0.156447 1 1 1
574359 1 9 81.8941 80.6946 3.83598 7.85272 0.116416 1 1 1
574359 1 10 83.0702 82.0888 3.7851 7.59991 0.128649 1 1 1
574359 1 11 81.5973 80.5167 3.79469 7.46645 0.123604 1 1 1
574359 1 12 81.6253 80.6415 3.79651 7.6305 0.138151 1 1 1
574359 1 13 79.9511 78.8353 3.86026 7.34852 0.138995 1 1 1
574359 1 14 82.4431 81.4105 3.88249 7.30401 0.14898 1 1 1
574359 1 15 80.9139 79.824 3.84858 7.47971 0.133913 1 1 1
574359 1 16 81.1108 80.1039 3.84355 7.64176 0.134292 1 1 1
574359 1 17 81.8658 80.8124 3.75213 7.8265 0.117067 1 1 1
574359 1 18 82.5446 81.5408 3.79158 7.634 0.120481 1 1 1
574359 1 19 82.7939 81.6004 3.87941 7.5618 0.129801 1 1 1
574359 1 20 82.7048 81.7587 3.83084 7.50473 0.124226 1 1 1
574359 1 21 81.6723 80.6063 3.87597 7.42075 0.144279 1 1 1
574359 1 22 81.7546 80.5822 3.87031 7.42869 0.144145 1 1 1
574359 1 23 81.9324 80.8137 3.87086 7.54963 0.132379 1 1 1
574359 1 24 82.9403 81.9037 3.83635 7.70841 0.123911 1 1 1
574359 1 25 83.7909 82.5842 3.89434 7.63684 0.133638 1 1 1
574359 1 26 82.9413 81.9442 3.86192 7.64387 0.132212 1 1 1
574359 1 27 82.8111 81.7838 3.88585 7.58208 0.129754 1 1 1
574359 1 28 82.0196 80.8604 3.83283 7.59191 0.13452 1 1 1
574359 1 29 82.0782 81.1066 3.89217 7.41856 0.142302 1 1 1
574359 1 30 82.9104 81.9824 3.84153 7.38662 0.142998 1 1 1
574359 1 31 81.0929 80.1233 3.87575 7.44554 0.139377 1 1 1
574359 1 32 82.4605 81.5596 3.83436 7.46201 0.140341 1 1 1
574359 1 33 76.9386 76.2374 4.49023 5.4004 0.318552 1 1 1
574359 1 34 77.3858 76.8818 4.3745 5.62725 0.274934 1 1 1
574359 1 35 77.7211 76.9853 4.57982 5.44602 0.329392 1 1 1
574359 1 36 78.8863 78.2612 4.4383 5.11373 0.378105 1 1 1
574359 1 37 78.9925 78.3657 4.56204 6.40909 0.237008 1 1 1
574359 1 38 78.8305 78.6352 4.52038 5.34813 0.266964 1 1 1
574359 1 39 78.4685 78.4128 4.30568 4.85764 0.303991 1 1 1
574359 1 40 79.1689 78.482 4.29234 7.19724 0.178278 1 1 1
574359 1 41 79.4406 78.5737 4.5551 6.34541 0.216754 1 1 1
574359 1 42 78.8586 77.9936 4.32833 6.88471 0.185411 1 1 1
574359 1 43 78.9344 77.9889 4.33743 6.86697 0.188457 1 1 1
574359 1 44 80.6928 80.0862 4.31396 6.63463 0.180403 1 1 1
574359 1 45 79.7894 78.8781 4.39418 6.67459 0.210015 1 1 1
574359 1 46 79.1363 78.5444 4.32199 6.41479 0.22786 1 1 1
574359 1 47 80.0162 79.1499 4.25062 6.72697 0.175714 1 1 1
574359 1 48 80.1712 79.2258 4.22547 6.72826 0.216257 1 1 1
574359 1 49 80.4426 79.4365 4.06328 7.0541 0.163761 1 1 1
574359 1 50 79.9827 78.9867 4.02253 7.34499 0.144808 1 1 1
574359 1 51 79.9614 79.0376 4.03187 6.89205 0.16405 1 1 1
574359 1 52 81.9422 81.0454 4.11025 6.95412 0.184567 1 1 1
574359 1 53 80.996 79.9459 4.06044 6.86385 0.193023 1 1 1
574359 1 54 79.7345 78.9713 4.03712 6.61984 0.189619 1 1 1
574359 1 55 81.145 80.0451 4.01333 6.70877 0.197899 1 1 1
574359 1 56 81.99 81.13 3.93366 7.46689 0.138536 1 1 1
574359 1 57 82.2734 81.1932 3.93211 7.05006 0.165281 1 1 1
574359 1 58 80.8533 79.9316 3.97224 6.95123 0.178709 1 1 1
574359 1 59 81.7864 80.5799 3.91299 7.26981 0.159175 1 1 1
574359 1 60 80.2166 79.3948 3.89574 7.12143 0.158092 1 1 1
574359 1 61 81.8981 80.9208 3.97614 6.87436 0.166696 1 1 1
574359 1 62 81.2911 80.2744 3.95879 6.83261 0.203055 1 1 1
574359 1 63 81.9089 81.0637 3.9344 7.08038 0.158363 1 1 1
574359 1 64 80.6556 79.6457 3.87823 7.12255 0.158015 1 1 1
574359 2 1 80.5995 79.6274 2.6913 7.45608 0.0956741 1 1 1
574359 2 2 81.6191 80.4952 2.45748 7.20352 0.0927303 1 1 1
574359 2 3 81.9047 81.376 2.53654 5.92589 0.0826806 1 1 1
574359 2 4 81.6191 80.4952 2.45748 7.20352 0.0927303 1 1 1
574359 2 5 82.6199 81.5065 2.49493 7.03991 0.103187 1 1 1
574359 2 6 81.6191 80.4952 2.45748 7.20352 0.0927303 1 1 1
574359 2 7 82.1358 81.0105 2.49848 7.12198 0.103571 1 1 1
574359 2 8 81.6308 80.4444 2.43129 7.23451 0.0951256 1 1 1
574359 2 9 81.4092 80.0581 3.39079 7.42663 0.0908242 1 1 1
574359 2 10 82.9327 81.8041 2.40979 7.53523 0.0844181 1 1 1
574359 2 11 82.7162 81.6281 2.36439 7.46552 0.0864578 1 1 1
574359 2 12 82.2841 81.2476 2.37862 7.49991 0.0887712 1 1 1
574359 2 13 84.0627 82.9448 2.32945 7.25516 0.0852891 1 1 1
574359 2 14 83.5333 82.5486 2.33346 7.32349 0.0849334 1 1 1
574359 2 15 81.7807 80.6593 2.28648 7.24832 0.0848457 1 1 1
574359 2 16 82.0736 80.9983 2.35953 7.26922 0.0895761 1 1 1
574359 2 17 83.4311 82.43 2.33583 7.75241 0.0772617 1 1 1
574359 2 18 82.0979 81.0932 2.43402 7.65266 0.0840489 1 1 1
574359 2 19 84.0241 82.9128 2.4529 7.69681 0.0851525 1 1 1
574359 2 20 83.2511 82.0892 2.47749 7.62955 0.0826413 1 1 1
574359 2 21 83.4898 82.5114 2.37831 7.46436 0.0824985 1 1 1
574359 2 22 83.137 81.9112 2.38335 7.4028 0.0837997 1 1 1
574359 2 23 83.3625 82.3453 2.33195 7.37853 0.0842155 1 1 1
574359 2 24 84.0588 82.9066 2.24907 7.43446 0.0827387 1 1 1
574359 2 25 83.1909 82.1387 2.4899 7.80975 0.0823082 1 1 1
574359 2 26 83.9183 82.9411 2.61386 7.99484 0.076209 1 1 1
574359 2 27 82.7964 81.8884 2.60924 8.18043 0.0704008 1 1 1
574359 2 28 83.4545 82.4785 2.59421 8.07779 0.0764315 1 1 1
574359 2 29 84.4518 83.4359 2.58113 7.81886 0.0813124 1 1 1
574359 2 30 83.1313 82.1987 2.6026 7.95551 0.0754843 1 1 1
574359 2 31 82.6681 81.7609 2.53655 7.75324 0.077947 1 1 1
574359 2 32 83.351 82.4798 2.45904 7.66367 0.077767 1 1 1
574359 2 33 78.8962 78.071 2.69537 6.59382 0.122449 1 1 1
574359 2 34 76.7755 75.9313 2.78969 6.82774 0.123881 1 1 1
574359 2 35 77.6856 76.7601 2.58602 6.83343 0.116718 1 1 1
574359 2 36 78.6712 77.8171 2.51407 6.76924 0.11561 1 1 1
574359 2 37 77.7022 76.8324 2.47538 6.71985 0.1167 1 1 1
574359 2 38 79.0002 78.1615 2.63634 6.78503 0.116187 1 1 1
574359 2 39 80.0018 79.0834 2.35738 6.7082 0.109311 1 1 1
574359 2 40 77.0951 76.324 3.16893 7.28274 0.109418 1 1 1
574359 2 41 79.3816 78.3605 2.73085 6.95627 0.117677 1 1 1
574359 2 42 79.5613 78.8236 3.05993 7.15605 0.110126 1 1 1
574359 2 43 78.7201 77.7354 3.22494 7.15045 0.119883 1 1 1
574359 2 44 78.1749 77.2825 3.19111 7.08802 0.114259 1 1 1
574359 2 45 84.8942 78.082 3.04878 8.47394 0.421 1 1 1
574359 2 46 79.5212 78.6454 3.17587 6.93952 0.132135 1 1 1
574359 2 47 79.9856 78.9844 3.25286 7.03962 0.121534 1 1 1
574359 2 48 78.0408 77.1891 3.2338 6.86813 0.133788 1 1 1
574359 2 49 80.5306 79.5438 3.04593 7.32141 0.102537 1 1 1
574359 2 50 78.4487 77.5904 3.01328 7.60632 0.100225 1 1 1
574359 2 51 78.906 77.9658 3.03194 7.3304 0.114475 1 1 1
574359 2 52 85.6583 79.5425 2.97427 8.03777 0.536065 1 1 1
574359 2 53 80.3961 79.4589 3.04874 7.25138 0.117792 1 1 1
574359 2 54 79.6617 78.8117 3.11619 7.30639 0.110785 1 1 1
574359 2 55 79.0405 78.0805 2.98689 7.28924 0.101091 1 1 1
574359 2 56 79.7742 78.9146 2.81184 7.45054 0.0983882 1 1 1
574359 2 57 79.4721 78.4005 3.06373 7.39983 0.115163 1 1 1
574359 2 58 79.9821 79.1178 2.67301 7.22869 0.106517 1 1 1
574359 2 59 85.854 79.9956 2.79763 7.40402 0.512927 1 1 1
574359 2 60 80.4571 79.6179 2.73549 7.21993 0.110123 1 1 1
574359 2 61 80.9796 80.0053 2.62346 7.10103 0.103419 1 1 1
574359 2 62 80.1743 79.3228 2.67321 7.01812 0.108883 1 1 1
574359 2 63 80.8516 79.8602 2.72542 7.06746 0.110218 1 1 1
574359 2 64 80.5927 79.7137 2.80938 7.19565 0.109439 1 1 1
574359 3 1 78.2187 77.3489 1.94013 5.79699 0.134154 1 1 1
574359 3 2 80.3229 79.298 2.01518 5.79099 0.144118 1 1 1
574359 3 3 79.796 78.9789 2.05868 5.72824 0.143243 1 1 1
574359 3 4 80.3229 79.298 2.01518 5.79099 0.144118 1 1 1
574359 3 5 80.5328 79.6613 2.01226 5.76897 0.158975 1 1 1
574359 3 6 80.3229 79.298 2.01518 5.79099 0.144118 1 1 1
574359 3 7 79.1357 78.3378 2.10448 5.75939 0.140101 1 1 1
574359 3 8 80.3309 79.3703 1.9708 5.79075 0.147354 1 1 1
574359 3 9 80.5787 79.7376 1.87718 6.01353 0.122091 1 1 1
574359 3 10 81.4477 80.4514 2.25895 5.93301 0.137495 1 1 1
574359 3 11 80.4784 79.463 2.08347 5.94529 0.136439 1 1 1
574359 3 12 80.1692 79.3276 1.91784 5.95913 0.128305 1 1 1
574359 3 13 80.2959 79.281 1.93846 5.89204 0.132655 1 1 1
574359 3 14 81.505 80.4498 2.07696 5.91436 0.135098 1 1 1
574359 3 15 81.1325 80.1746 2.49006 5.89494 0.141857 1 1 1
574359 3 16 81.4833 80.439 1.89056 5.90692 0.136616 1 1 1
574359 3 17 81.6861 80.6731 1.78884 6.29706 0.114125 1 1 1
574359 3 18 82.2681 81.3068 1.86982 6.18365 0.116285 1 1 1
574359 3 19 80.627 79.6082 2.32758 6.11953 0.124577 1 1 1
574359 3 20 80.5891 79.532 1.95525 6.21371 0.115562 1 1 1
574359 3 21 80.3279 79.5595 1.99803 6.11716 0.119201 1 1 1
574359 3 22 83.1746 82.0008 2.11829 6.07399 0.118512 1 1 1
574359 3 23 81.6667 80.6503 1.87508 6.11122 0.125825 1 1 1
574359 3 24 82.1745 80.9735 1.8112 6.19988 0.119772 1 1 1
574359 3 25 81.9503 81.0332 2.20224 6.31661 0.11402 1 1 1
574359 3 26 82.1588 81.1349 1.92945 6.2373 0.123513 1 1 1
574359 3 27 80.5155 79.5946 2.11974 6.18381 0.113654 1 1 1
574359 3 28 83.4967 82.653 1.9765 6.22875 0.11057 1 1 1
574359 3 29 83.1049 82.1742 2.06011 6.21393 0.115109 1 1 1
574359 3 30 82.7008 81.8186 2.97764 6.11627 0.127811 1 1 1
574359 3 31 82.6343 81.71 1.93177 6.19574 0.11656 1 1 1
574359 3 32 82.4637 81.5836 1.84586 6.27384 0.115116 1 1 1
574359 3 33 79.1944 78.5673 1.89293 6.027 0.126639 1 1 1
574359 3 34 79.071 78.4249 1.96143 6.07892 0.128793 1 1 1
574359 3 35 78.0573 77.41 1.9693 6.04722 0.128054 1 1 1
574359 3 36 79.5548 78.8994 2.07273 5.99263 0.128471 1 1 1
574359 3 37 77.7314 76.992 2.00852 6.08678 0.130695 1 1 1
574359 3 38 78.6298 77.93 2.00052 6.0646 0.13082 1 1 1
574359 3 39 78.4085 77.6174 2.13857 6.03858 0.127755 1 1 1
574359 3 40 80.8334 80.0639 1.92212 6.13198 0.127121 1 1 1
574359 3 41 80.1949 79.3657 2.09314 6.05526 0.126686 1 1 1
574359 3 42 79.4761 78.6974 2.00491 6.04968 0.124413 1 1 1
574359 3 43 81.8593 81.0548 1.92638 6.1098 0.125885 1 1 1
574359 3 44 79.9708 79.1855 1.94846 6.10504 0.118785 1 1 1
574359 3 45 79.5959 78.7636 2.05883 6.03869 0.12826 1 1 1
574359 3 46 80.3783 79.6197 2.16483 5.93941 0.121814 1 1 1
574359 3 47 79.8099 79.2763 1.94565 5.64831 0.106596 1 1 1
574359 3 48 79.3971 78.569 1.97808 5.96041 0.137023 1 1 1
574359 3 49 79.4663 78.6131 2.11665 6.00047 0.128114 1 1 1
574359 3 50 79.4212 78.6159 1.87082 5.95702 0.122584 1 1 1
574359 3 51 81.7729 80.926 1.94632 6.01071 0.134821 1 1 1
574359 3 52 79.5366 78.7612 2.62338 5.89792 0.136698 1 1 1
574359 3 53 80.1312 79.3259 1.96653 5.94743 0.132306 1 1 1
574359 3 54 80.701 79.9259 1.98616 5.88886 0.13831 1 1 1
574359 3 55 80.5896 79.7669 2.0478 5.88916 0.129012 1 1 1
574359 3 56 80.3567 79.563 1.9957 5.80835 0.145718 1 1 1
574359 3 57 80.347 79.4995 1.91008 6.02363 0.13281 1 1 1
574359 3 58 80.1192 79.2611 2.10294 5.80545 0.133909 1 1 1
574359 3 59 81.6245 80.7958 1.99974 5.81941 0.144833 1 1 1
574359 3 60 80.5801 79.6983 2.04164 5.8241 0.150876 1 1 1
574359 3 61 80.471 79.6093 2.45463 5.74932 0.156121 1 1 1
574359 3 62 80.6109 79.8635 2.09327 5.74689 0.154447 1 1 1
574359 3 63 81.8348 81.0576 2.05064 5.72682 0.156507 1 1 1
574359 3 64 81.8579 80.9953 2.03286 5.76993 0.152969 1 1 1
574359 4 1 171.517 170.088 1.94071 22.9753 0.038444 1 1 1
574359 4 2 171.529 169.93 2.05899 16.49 0.0727058 1 1 1
574359 4 3 171.514 169.717 2.01641 23.0739 0.0375919 1 1 1
574359 4 4 171.529 169.93 2.05899 16.49 0.0727058 1 1 1
574359 4 5 171.536 171.774 1.88729 13.0392 0.107114 1 1 1
574359 4 6 171.529 169.93 2.05899 16.49 0.0727058 1 1 1
574359 4 7 171.558 171.67 1.86849 10.998 0.144838 1 1 1
574359 4 8 171.506 169.923 2.03218 21.9965 0.0408811 1 1 1
574359 4 9 171.549 171.275 1.86052 17.4322 0.0589777 1 1 1
574359 4 10 171.503 171.548 1.8231 11.4918 0.13347 1 1 1
574359 4 11 171.541 171.47 1.90945 12.751 0.115313 1 1 1
574359 4 12 171.492 171.39 1.87676 12.3005 0.120665 1 1 1
574359 4 13 171.549 171.422 1.88204 11.4464 0.140543 1 1 1
574359 4 14 171.476 171.314 1.88757 17.5186 0.0592189 1 1 1
574359 4 15 171.522 172.147 1.81491 11.1504 0.14287 1 1 1
574359 4 16 171.519 172.321 1.75326 11.3883 0.135732 1 1 1
574359 4 17 171.477 172.936 1.59553 11.5816 0.122562 1 1 1
574359 4 18 171.485 172.686 1.61774 12.0819 0.111085 1 1 1
574359 4 19 171.512 172.971 1.6141 12.3141 0.105738 1 1 1
574359 4 20 171.501 172.44 1.71418 14.6423 0.0742573 1 1 1
574359 4 21 171.522 172.27 1.72785 13.9093 0.0877045 1 1 1
574359 4 22 171.466 173.359 1.6786 12.5695 0.106643 1 1 1
574359 4 23 171.501 172.204 1.65681 12.6609 0.103875 1 1 1
574359 4 24 171.506 173.312 1.65967 12.0851 0.11718 1 1 1
574359 4 25 171.497 172.17 1.59729 14.8663 0.0707066 1 1 1
574359 4 26 171.53 172.515 1.64987 14.6629 0.0734475 1 1 1
574359 4 27 171.538 171.988 1.68753 13.5702 0.0874729 1 1 1
574359 4 28 171.525 172.118 1.71758 12.6743 0.102244 1 1 1
574359 4 29 171.498 172.773 1.69028 12.5753 0.104195 1 1 1
574359 4 30 171.509 173.162 1.62498 12.2724 0.11287 1 1 1
574359 4 31 171.509 172.742 1.57599 12.9285 0.0999683 1 1 1
574359 4 32 171.499 173.318 1.60448 12.9356 0.102156 1 1 1
574359 4 33 169 169.354 2.00941 4.53008 0.202776 1 1 1
574359 4 34 171.088 169.895 2.15497 16.564 0.0737717 1 1 1
574359 4 35 171.093 168.902 2.15174 16.9095 0.072375 1 1 1
574359 4 36 171.213 169.583 2.13507 16.8534 0.0729287 1 1 1
574359 4 37 171.56 169.377 2.1918 16.9318 0.0667811 1 1 1
574359 4 38 171.58 170.139 2.12092 17.0519 0.0655708 1 1 1
574359 4 39 169.541 171.655 1.9283 11.2404 0.0657198 1 1 1
574359 4 40 170.118 170.638 2.08928 32.0626 0.00744814 1 1 1
574359 4 41 171.536 170.218 2.07638 17.025 0.0661652 1 1 1
574359 4 42 170.258 171.467 1.98244 56.0847 0.00214862 1 1 1
574359 4 43 171.538 170.462 2.06463 16.2358 0.0727714 1 1 1
574359 4 44 171.541 170.902 1.96851 11.3726 0.144043 1 1 1
574359 4 45 169.615 171.687 2.07261 4 0.320105 1 1 1
574359 4 46 173.509 172.396 1.69745 13.7213 0.0668493 1 1 1
574359 4 47 171.53 171.053 2.06787 14.3529 0.0906713 1 1 1
574359 4 48 173.091 172.115 1.97657 7.58416 -0.0450524 1 1 1
574359 4 49 171.521 172.48 1.85892 10.8293 0.148569 1 1 1
574359 4 50 170.512 172.341 1.83871 29.4733 0.00807163 1 1 1
574359 4 51 171.475 172.743 1.77313 12.9614 0.101886 1 1 1
574359 4 52 170.362 171.69 1.9679 52.01 0.00254308 1 1 1
574359 4 53 170.376 171.704 2.00385 26.8275 0.0106168 1 1 1
574359 4 54 171.548 171.449 1.90014 11.8762 0.126727 1 1 1
574359 4 55 170.29 171.041 2.07108 23.656 0.0145433 1 1 1
574359 4 56 171.501 171.671 1.81738 14.3711 0.083303 1 1 1
574359 4 57 170.939 172.315 1.76526 10.2545 0.054637 1 1 1
574359 4 58 171.518 170.722 2.00078 16.9885 0.0669457 1 1 1
574359 4 59 171.02 172.372 1.87491 60 0.00166965 1 1 1
574359 4 60 171.528 171.882 1.84795 13.3377 0.102336 1 1 1
574359 4 61 170.986 171.885 1.88308 60 0.00159219 1 1 1
574359 4 62 171.485 172.485 1.74196 13.0661 0.10396 1 1 1
574359 4 63 172.174 172.202 1.75909 33.755 0.0066149 1 1 1
574359 4 64 171.524 171.953 1.71288 14.6782 0.0762086 1 1 1
574359 5 1 75.5179 74.8541 2.72316 7.58292 0.0960384 1 1 1
574359 5 2 77.9689 77.0938 2.91415 7.70037 0.0975728 1 1 1
574359 5 3 75.8624 75.159 2.92891 7.74136 0.0896727 1 1 1
574359 5 4 77.9689 77.0938 2.91415 7.70037 0.0975728 1 1 1
574359 5 5 77.7427 76.9186 2.82055 7.47766 0.113734 1 1 1
574359 5 6 77.9689 77.0938 2.91415 7.70037 0.0975728 1 1 1
574359 5 7 77.6657 76.8573 2.80976 7.58001 0.0987822 1 1 1
574359 5 8 77.9223 77.0653 2.97063 7.71643 0.0966236 1 1 1
574359 5 9 76.5492 75.7595 2.84595 8.09101 0.0837296 1 1 1
574359 5 10 79.1088 78.1916 2.67408 7.75493 0.0880896 1 1 1
574359 5 11 77.3929 76.693 2.74438 7.63045 0.0937166 1 1 1
574359 5 12 79.7267 78.7207 2.72459 7.60816 0.0963366 1 1 1
574359 5 13 78.7156 78.0287 2.73627 7.58883 0.0928906 1 1 1
574359 5 14 79.592 78.6367 2.76847 7.59816 0.0922349 1 1 1
574359 5 15 79.2994 78.5914 2.72415 7.68532 0.0935501 1 1 1
574359 5 16 78.9061 77.9598 2.72574 7.9359 0.0843418 1 1 1
574359 5 17 78.5117 77.7676 2.63259 7.94126 0.0823045 1 1 1
574359 5 18 80.2228 79.3129 2.65824 7.38899 0.100234 1 1 1
574359 5 19 79.2103 78.2963 2.68017 7.50738 0.0928972 1 1 1
574359 5 20 79.4609 78.6056 2.70229 7.50379 0.102576 1 1 1
574359 5 21 78.9341 78.2435 2.80016 7.36943 0.105001 1 1 1
574359 5 22 80.3215 79.3881 2.79445 7.587 0.0972137 1 1 1
574359 5 23 77.9933 77.3088 2.75266 7.57091 0.0932511 1 1 1
574359 5 24 81.1728 80.2495 2.69886 7.78826 0.0858207 1 1 1
574359 5 25 78.848 78.0288 2.47763 8.3579 0.0698416 1 1 1
574359 5 26 78.7459 77.9998 2.51079 8.01773 0.0786429 1 1 1
574359 5 27 79.5554 78.8434 2.56371 8.02116 0.0777881 1 1 1
574359 5 28 80.3208 79.4239 2.51218 7.92331 0.0777605 1 1 1
574359 5 29 79.5302 78.8235 2.6654 7.72785 0.0945267 1 1 1
574359 5 30 80.6978 79.9416 2.7603 7.86917 0.0883411 1 1 1
574359 5 31 80.2081 79.506 2.57777 7.79664 0.0863849 1 1 1
574359 5 32 79.8465 79.1331 2.50469 8.1142 0.0753217 1 1 1
574359 5 33 78.5991 78.0692 3.03845 6.81471 0.129794 1 1 1
574359 5 34 79.266 78.4978 2.98983 7.3085 0.112602 1 1 1
574359 5 35 80.0554 79.3804 3.07442 6.84609 0.137316 1 1 1
574359 5 36 80.0088 79.2649 3.05233 7.00133 0.129846 1 1 1
574359 5 37 78.3861 77.9286 3.10755 7.03745 0.124017 1 1 1
574359 5 38 82.2241 81.4514 3.06546 7.12302 0.131847 1 1 1
574359 5 39 80.263 79.5789 3.35886 7.02968 0.129393 1 1 1
574359 5 40 80.9773 80.2585 3.00736 7.65458 0.0980851 1 1 1
574359 5 41 82.369 81.6572 3.12672 7.38761 0.112366 1 1 1
574359 5 42 81.3654 80.7114 3.0754 7.23591 0.112689 1 1 1
574359 5 43 81.3803 80.6912 3.14999 7.36028 0.108345 1 1 1
574359 5 44 82.541 81.5898 2.90712 7.10103 0.122746 1 1 1
574359 5 45 80.6042 79.9982 3.06013 7.21489 0.117698 1 1 1
574359 5 46 80.823 80.076 2.97296 7.1286 0.118214 1 1 1
574359 5 47 80.3192 79.5927 2.88617 7.47526 0.104805 1 1 1
574359 5 48 79.8798 79.1157 2.92592 7.20464 0.109277 1 1 1
574359 5 49 81.4961 80.8891 2.86614 7.29661 0.111441 1 1 1
574359 5 50 81.4819 80.5183 2.93225 7.30788 0.123324 1 1 1
574359 5 51 80.2541 79.495 2.89377 7.30866 0.106833 1 1 1
574359 5 52 82.6659 81.8062 2.91988 7.43188 0.116259 1 1 1
574359 5 53 82.3213 81.6612 2.92869 7.11886 0.117774 1 1 1
574359 5 54 82.1591 81.4638 2.95706 7.11924 0.123982 1 1 1
574359 5 55 82.3719 81.6541 3.40108 7.19888 0.122665 1 1 1
574359 5 56 82.2491 81.3612 2.91638 7.6388 0.107205 1 1 1
574359 5 57 83.0143 82.3257 2.91947 7.19027 0.112934 1 1 1
574359 5 58 82.8487 82.0529 2.87832 7.70886 0.10076 1 1 1
574359 5 59 86.3443 80.3298 2.88858 8.25083 0.426122 1 1 1
574359 5 60 82.8184 81.9386 2.87154 7.48929 0.104734 1 1 1
574359 5 61 82.0159 81.5243 2.95675 7.5997 0.101569 1 1 1
574359 5 62 83.1645 82.4759 2.976 7.38658 0.11464 1 1 1
574359 5 63 80.9665 80.3476 2.99606 7.39188 0.110525 1 1 1
574359 5 64 81.6584 80.8684 3.00275 7.4457 0.115693 1 1 1
574359 6 1 80.2886 79.7178 3.93694 8.38597 0.0963019 1 1 1
574359 6 2 82.0897 81.1097 3.88984 8.20057 0.105595 1 1 1
574359 6 3 79.2381 78.5699 3.74016 8.28953 0.0912702 1 1 1
574359 6 4 82.0897 81.1097 3.88984 8.20057 0.105595 1 1 1
574359 6 5 89.161 81.5328 3.93901 9.42835 0.543566 1 1 1
574359 6 6 82.0897 81.1097 3.88984 8.20057 0.105595 1 1 1
574359 6 7 82.7461 81.964 3.91575 8.06534 0.110336 1 1 1
574359 6 8 81.7431 80.861 3.93068 8.25833 0.100472 1 1 1
574359 6 9 81.9917 81.2215 3.71099 8.41652 0.0879335 1 1 1
574359 6 10 81.9802 81.0927 3.74059 8.1805 0.0957754 1 1 1
574359 6 11 81.7971 80.9826 3.67824 8.08679 0.094632 1 1 1
574359 6 12 82.5436 81.6675 3.59333 8.05544 0.0973545 1 1 1
574359 6 13 82.3064 81.4387 3.58837 7.74906 0.119161 1 1 1
574359 6 14 82.5499 81.6465 3.58762 7.90239 0.105552 1 1 1
574359 6 15 82.1321 81.45 3.72657 7.84076 0.10233 1 1 1
574359 6 16 81.0667 80.1152 3.68394 8.05323 0.0980836 1 1 1
574359 6 17 82.5284 81.8445 3.6699 8.20251 0.0971706 1 1 1
574359 6 18 83.367 82.4129 3.88211 7.75358 0.120066 1 1 1
574359 6 19 84.626 83.8518 3.87381 7.98501 0.103895 1 1 1
574359 6 20 89.8586 82.7384 3.88666 9.23657 0.438131 1 1 1
574359 6 21 83.0391 82.2241 3.81804 7.54747 0.118209 1 1 1
574359 6 22 84.6741 83.8333 3.81967 7.82871 0.108364 1 1 1
574359 6 23 83.4072 82.596 3.82378 7.63153 0.115907 1 1 1
574359 6 24 82.9545 82.098 3.62017 7.89323 0.096755 1 1 1
574359 6 25 82.957 82.2279 3.87184 8.21527 0.0957835 1 1 1
574359 6 26 83.3045 82.5635 3.9775 7.90597 0.104731 1 1 1
574359 6 27 82.5972 81.7948 4.02846 7.95692 0.109982 1 1 1
574359 6 28 82.8068 82.0693 4.01403 7.91216 0.113251 1 1 1
574359 6 29 84.2531 83.5036 4.04651 7.79426 0.113134 1 1 1
574359 6 30 83.2963 82.5455 4.03443 7.72898 0.11632 1 1 1
574359 6 31 82.8068 82.0842 3.99982 7.75116 0.116456 1 1 1
574359 6 32 83.8016 83.2551 3.90782 7.92286 0.104204 1 1 1
574359 6 33 77.3351 76.8685 4.19769 6.49402 0.177023 1 1 1
574359 6 34 77.1893 76.5913 4.03865 6.50652 0.167883 1 1 1
574359 6 35 77.1324 76.598 4.30292 6.48888 0.184809 1 1 1
574359 6 36 78.6258 78.0171 4.40477 6.51624 0.182909 1 1 1
574359 6 37 78.4333 77.9141 4.31889 7.00286 0.169466 1 1 1
574359 6 38 77.3498 76.9459 4.18812 6.67196 0.138451 1 1 1
574359 6 39 79.747 79.1134 4.34502 7.01049 0.159316 1 1 1
574359 6 40 79.4429 78.7514 3.71036 7.50224 0.11962 1 1 1
574359 6 41 79.9364 79.191 3.97819 7.08998 0.141911 1 1 1
574359 6 42 80.508 79.8066 3.96588 7.40432 0.124829 1 1 1
574359 6 43 80.2248 79.5954 3.77005 7.38936 0.125038 1 1 1
574359 6 44 77.9995 77.2351 3.90009 7.39624 0.126853 1 1 1
574359 6 45 80.8036 79.9788 3.7871 7.08622 0.134837 1 1 1
574359 6 46 79.153 78.3994 3.70645 7.05722 0.128508 1 1 1
574359 6 47 80.1815 79.4289 3.41577 7.22942 0.107378 1 1 1
574359 6 48 78.7123 78.5169 3.54338 6.23389 0.101189 1 1 1
574359 6 49 78.3599 77.7187 3.59529 7.32844 0.120406 1 1 1
574359 6 50 80.646 79.8656 3.50833 7.61922 0.105641 1 1 1
574359 6 51 79.2187 78.524 3.6152 7.3466 0.112731 1 1 1
574359 6 52 80.7614 79.9696 3.44574 7.24798 0.118761 1 1 1
574359 6 53 80.3838 79.562 3.4122 6.84276 0.123594 1 1 1
574359 6 54 81.5202 80.7351 3.35095 6.85081 0.130288 1 1 1
574359 6 55 79.8406 79.1822 3.18148 6.90888 0.121246 1 1 1
574359 6 56 81.0045 80.1954 4.45915 8.10447 0.110435 1 1 1
574359 6 57 81.1643 80.4067 3.26478 7.18657 0.117763 1 1 1
574359 6 58 81.0819 80.3539 4.23328 7.94612 0.112975 1 1 1
574359 6 59 86.5638 79.5084 4.48432 9.24622 0.51552 1 1 1
574359 6 60 78.1263 77.4283 4.35576 7.88113 0.117234 1 1 1
574359 6 61 79.5724 78.8816 4.19946 7.74267 0.118243 1 1 1
574359 6 62 78.865 78.0363 4.46828 7.64515 0.140786 1 1 1
574359 6 63 79.9795 79.2631 4.64504 7.60931 0.146772 1 1 1
574359 6 64 80.3705 79.6045 4.61931 7.75475 0.128073 1 1 1
574359 7 1 77.5619 76.8754 3.67213 7.70823 0.124786 1 1 1
574359 7 2 80.0246 79.259 3.83227 7.67706 0.151557 1 1 1
574359 7 3 79.5979 78.9445 3.63657 7.52758 0.139076 1 1 1
574359 7 4 80.0246 79.259 3.83227 7.67706 0.151557 1 1 1
574359 7 5 79.7019 78.8707 3.77357 7.46605 0.14713 1 1 1
574359 7 6 80.0246 79.259 3.83227 7.67706 0.151557 1 1 1
574359 7 7 79.0663 78.2958 3.84715 7.59748 0.145336 1 1 1
574359 7 8 80.408 79.6519 3.78863 7.71541 0.136503 1 1 1
574359 7 9 81.5081 80.8092 3.5571 7.52626 0.14934 1 1 1
574359 7 10 81.5258 80.9056 3.63952 7.60151 0.133042 1 1 1
574359 7 11 80.8848 80.062 3.62479 7.53519 0.145375 1 1 1
574359 7 12 80.5085 79.7531 3.62137 7.94275 0.121537 1 1 1
574359 7 13 79.1342 78.3383 3.82109 7.52561 0.155619 1 1 1
574359 7 14 80.0428 79.3347 3.78505 7.67152 0.137552 1 1 1
574359 7 15 80.4857 79.6721 3.85733 7.3796 0.162009 1 1 1
574359 7 16 81.2808 80.4788 3.86861 7.48476 0.166499 1 1 1
574359 7 17 82.6619 82.0241 3.68212 7.76928 0.126782 1 1 1
574359 7 18 81.5206 80.6591 3.64275 7.13153 0.165114 1 1 1
574359 7 19 80.5635 79.7734 3.79306 7.68299 0.14433 1 1 1
574359 7 20 81.237 80.607 3.79914 7.74655 0.133664 1 1 1
574359 7 21 81.251 80.5999 3.8815 7.59762 0.142957 1 1 1
574359 7 22 81.4956 80.7775 3.78987 7.57972 0.142059 1 1 1
574359 7 23 81.5856 80.9185 3.83236 7.61979 0.145224 1 1 1
574359 7 24 80.6514 79.9449 3.78581 7.64369 0.144338 1 1 1
574359 7 25 80.5754 79.9208 3.45035 8.12764 0.0974438 1 1 1
574359 7 26 81.227 80.6894 3.46341 7.97627 0.111756 1 1 1
574359 7 27 81.7891 81.0433 3.50849 8.07695 0.113975 1 1 1
574359 7 28 80.6109 80.0507 3.50396 8.08876 0.116474 1 1 1
574359 7 29 81.1577 80.4346 3.73418 7.9292 0.13798 1 1 1
574359 7 30 81.289 80.7399 3.64277 7.82341 0.12908 1 1 1
574359 7 31 81.8953 81.3185 3.63677 7.90158 0.121786 1 1 1
574359 7 32 81.9783 81.4854 3.60419 8.03993 0.117102 1 1 1
574359 7 33 76.9909 77.1539 4.39023 4.31906 0.381498 1 1 1
574359 7 34 77.0818 76.9669 4.43246 5.76437 0.274757 1 1 1
574359 7 35 77.2908 77.172 4.42339 5.52663 0.289672 1 1 1
574359 7 36 77.5442 77.4312 4.34013 5.36634 0.288142 1 1 1
574359 7 37 76.3925 76.3105 4.43937 6.24962 0.21245 1 1 1
574359 7 38 77.6146 77.5097 4.47387 6.17575 0.243878 1 1 1
574359 7 39 77.9455 78.0724 4.34651 5.68766 0.238597 1 1 1
574359 7 40 79.6619 79.0366 4.40969 7.40124 0.174941 1 1 1
574359 7 41 79.4671 79.195 4.52452 6.24716 0.222233 1 1 1
574359 7 42 79.1356 78.4054 4.17616 7.1524 0.180127 1 1 1
574359 7 43 80.5606 80.0676 4.38632 7.00559 0.177687 1 1 1
574359 7 44 81.449 80.7838 4.34984 7.32663 0.177598 1 1 1
574359 7 45 79.4599 78.862 4.40977 7.08024 0.177525 1 1 1
574359 7 46 79.0694 78.6223 4.3648 7.03244 0.180716 1 1 1
574359 7 47 78.406 77.884 4.52764 7.22502 0.185367 1 1 1
574359 7 48 77.9832 77.656 4.4349 6.81575 0.163547 1 1 1
574359 7 49 80.3365 79.7007 4.17699 7.01412 0.174003 1 1 1
574359 7 50 80.2432 79.6182 4.08252 7.30329 0.153971 1 1 1
574359 7 51 78.2162 78.1366 4.08686 6.39066 0.165114 1 1 1
574359 7 52 80.7232 79.9444 4.05134 7.2506 0.176996 1 1 1
574359 7 53 80.5552 79.8651 4.18701 7.15523 0.190102 1 1 1
574359 7 54 79.5753 78.8909 4.20273 7.02941 0.195794 1 1 1
574359 7 55 80.2523 79.5907 4.17791 7.03195 0.177849 1 1 1
574359 7 56 80.4381 79.7209 3.83469 7.49489 0.146932 1 1 1
574359 7 57 80.7166 80.0557 4.19522 7.35851 0.173206 1 1 1
574359 7 58 78.7964 78.1123 3.88916 7.50743 0.155601 1 1 1
574359 7 59 80.892 80.0188 4.01732 7.26546 0.177948 1 1 1
574359 7 60 80.7013 80.0023 3.99278 7.27618 0.171442 1 1 1
574359 7 61 80.3007 79.6339 4.01776 7.35107 0.169359 1 1 1
574359 7 62 80.4254 79.7079 4.02834 7.14687 0.184435 1 1 1
574359 7 63 80.182 79.4853 4.03412 7.14046 0.172759 1 1 1
574359 7 64 82.3158 81.6139 4.03515 7.43775 0.172297 1 1 1
574359 8 1 80.2189 79.6794 3.76341 7.70046 0.110996 1 1 1
574359 8 2 80.3801 79.7827 3.89293 7.61387 0.122283 1 1 1
574359 8 3 81.0077 80.3772 3.80921 7.62182 0.120745 1 1 1
574359 8 4 80.3801 79.7827 3.89293 7.61387 0.122283 1 1 1
574359 8 5 79.9993 79.3234 3.92422 7.4141 0.129387 1 1 1
574359 8 6 80.3801 79.7827 3.89293 7.61387 0.122283 1 1 1
574359 8 7 80.5875 79.6747 3.96299 7.45771 0.147047 1 1 1
574359 8 8 80.5062 79.8242 3.87214 7.64806 0.12153 1 1 1
574359 8 9 82.2138 81.4914 3.79169 7.55694 0.121945 1 1 1
574359 8 10 80.651 80.1299 3.82555 7.58125 0.120049 1 1 1
574359 8 11 83.1325 82.197 4.02267 7.39725 0.134632 1 1 1
574359 8 12 81.4656 80.8233 3.94697 7.4298 0.144404 1 1 1
574359 8 13 81.8491 81.0976 4.32318 7.27971 0.144448 1 1 1
574359 8 14 81.7311 81.0302 4.09896 7.26034 0.142538 1 1 1
574359 8 15 81.6128 80.8837 3.96908 7.49221 0.143988 1 1 1
574359 8 16 82.0899 81.5057 3.98098 7.44069 0.123266 1 1 1
574359 8 17 82.2237 81.5085 3.72747 7.60095 0.111285 1 1 1
574359 8 18 82.6654 82.1178 3.94643 7.45473 0.124685 1 1 1
574359 8 19 82.994 82.2544 4.02426 7.28421 0.143976 1 1 1
574359 8 20 82.2359 81.6464 3.99015 7.31434 0.146164 1 1 1
574359 8 21 81.325 80.6278 4.05562 7.27036 0.155496 1 1 1
574359 8 22 82.3067 81.588 4.12719 7.28239 0.144336 1 1 1
574359 8 23 81.8006 81.1739 4.27043 7.302 0.149235 1 1 1
574359 8 24 83.0458 82.39 3.92322 7.47157 0.135765 1 1 1
574359 8 25 81.9864 81.3806 4.25513 7.02966 0.163299 1 1 1
574359 8 26 83.8023 83.2516 4.28368 6.90839 0.169907 1 1 1
574359 8 27 81.5796 80.9968 4.60715 7.0166 0.170796 1 1 1
574359 8 28 81.9782 81.7003 4.2913 6.71428 0.163066 1 1 1
574359 8 29 81.0857 80.3386 4.41753 6.76096 0.195603 1 1 1
574359 8 30 80.2834 79.9446 4.45509 6.63706 0.168173 1 1 1
574359 8 31 82.2311 81.7674 4.38982 6.73165 0.189536 1 1 1
574359 8 32 80.4001 80.6516 4.52841 5.83917 0.158202 1 1 1
574359 8 33 73.0694 72.8014 4.81731 5.77846 0.236449 1 1 1
574359 8 34 74.4007 74.1047 4.84643 5.74189 0.229221 1 1 1
574359 8 35 72.8147 72.5097 4.81495 5.63795 0.248403 1 1 1
574359 8 36 74.2186 74.0675 4.91841 4.70208 0.333397 1 1 1
574359 8 37 75.2441 74.7761 4.93252 6.38068 0.212082 1 1 1
574359 8 38 75.1261 74.6238 4.88045 6.5526 0.195138 1 1 1
574359 8 39 74.5247 73.7545 4.92351 6.47278 0.212982 1 1 1
574359 8 40 76.9997 76.5859 4.28333 7.58005 0.129572 1 1 1
574359 8 41 76.5329 75.8357 4.80521 6.57558 0.207554 1 1 1
574359 8 42 77.9467 77.4349 4.35501 7.40887 0.138315 1 1 1
574359 8 43 77.5358 77.0147 4.3423 7.6635 0.120609 1 1 1
574359 8 44 77.2406 76.7078 4.37449 7.47916 0.139915 1 1 1
574359 8 45 77.2059 76.5888 4.44588 7.29436 0.153039 1 1 1
574359 8 46 76.8837 76.4581 4.46164 7.32587 0.145412 1 1 1
574359 8 47 75.7063 75.0872 4.34208 7.50387 0.138621 1 1 1
574359 8 48 75.5896 75.1939 4.33792 7.26937 0.133998 1 1 1
574359 8 49 76.4225 75.7547 4.38138 7.72867 0.128264 1 1 1
574359 8 50 77.1661 76.6313 4.33153 7.84052 0.1274 1 1 1
574359 8 51 77.6673 76.9903 4.29997 7.67102 0.127765 1 1 1
574359 8 52 76.506 75.8982 4.37125 7.63875 0.131483 1 1 1
574359 8 53 77.0679 76.615 4.46284 7.66586 0.13439 1 1 1
574359 8 54 78.323 77.8324 4.42694 7.56126 0.135638 1 1 1
574359 8 55 78.097 77.4242 4.33536 7.60483 0.134255 1 1 1
574359 8 56 77.7153 77.15 3.93149 7.87081 0.113662 1 1 1
574359 8 57 76.933 76.193 4.33048 7.69377 0.131457 1 1 1
574359 8 58 79.4249 78.9916 3.91478 7.93679 0.106915 1 1 1
574359 8 59 79.3122 78.6605 3.89966 7.89802 0.110383 1 1 1
574359 8 60 78.0054 77.6038 3.96684 7.8018 0.108815 1 1 1
574359 8 61 78.0165 77.4447 4.14354 7.8964 0.112225 1 1 1
574359 8 62 78.2102 77.6891 4.01906 7.80889 0.118752 1 1 1
574359 8 63 78.9528 78.3255 4.07774 7.79887 0.115884 1 1 1
574359 8 64 78.5276 78.1052 3.94678 7.78924 0.119431 1 1 1
