2 boards
574264 1 1 79.2297 78.3654 3.6805 7.46583 0.150028 1.3203 1.39367 2.42639
574264 1 2 81.1016 80.4344 3.77412 7.53306 0.152115 1.49502 2.37481 2.72462
574264 1 3 79.557 78.8096 3.68128 7.7846 0.127573 0.994782 1.42977 2.71375
574264 1 4 78.7218 78.1122 3.81534 7.68462 0.144663 1.36775 1.61386 2.8824
574264 1 5 80.8115 79.8131 3.60978 7.72502 0.147569 1.54226 0.828731 2.50948
574264 1 6 80.5678 79.5798 3.6388 7.66341 0.139843 1.38024 1.35454 2.23027
574264 1 7 81.5109 80.474 3.58606 7.59262 0.142968 1.30529 1.60477 2.60875
574264 1 8 80.9499 80.0047 3.65336 7.74974 0.140607 1.20863 1.92517 2.58379
574264 1 9 80.5997 79.3846 3.72203 7.59646 0.144002 1.29995 2.29089 2.53474
574264 1 10 80.8495 80.0736 3.78008 7.37747 0.151108 1.14284 1.22341 2.79991
574264 1 11 79.917 79.1125 3.71886 7.72214 0.146484 0.963351 1.38515 2.58787
574264 1 12 80.6784 79.9044 3.75676 7.47398 0.142611 1.1513 1.22528 2.6292
574264 1 13 81.6291 80.8153 3.65614 7.53456 0.158199 1.03695 2.22105 2.58678
574264 1 14 80.6679 79.6168 3.67252 7.6298 0.155074 0.971005 1.03631 2.52871
574264 1 15 82.9139 81.9837 3.71071 7.46518 0.14085 1.34045 1.87261 2.78563
574264 1 16 82.7166 81.8377 3.63412 7.58492 0.13948 1.38944 3.65708 2.72243
574264 1 17 81.0343 80.0149 3.91357 7.59989 0.146664 0.956465 1.38081 2.80073
574264 1 18 81.3142 80.4476 3.91154 7.52399 0.156984 1.53009 1.55721 2.62334
574264 1 19 82.0331 81.1922 3.86015 7.63277 0.146752 1.24727 2.59814 2.52209
574264 1 20 81.5577 80.5955 3.86599 7.47364 0.145869 1.4766 1.93997 2.68193
574264 1 21 82.1477 81.391 3.81769 7.68955 0.140757 1.17554 2.597 2.68958
574264 1 22 82.7555 81.8117 3.99896 7.64883 0.136645 1.3055 2.5018 2.31357
574264 1 23 81.8557 80.9068 3.84866 7.46257 0.142629 1.48506 2.05784 2.39998
574264 1 24 81.2613 80.411 3.73749 7.8122 0.139471 1.43301 2.11892 2.82963
574264 1 25 81.9006 80.735 4.21666 7.28033 0.187382 1.34985 1.16844 1.92292
574264 1 26 81.0776 80.1916 4.19231 7.15148 0.205081 1.10088 0.933282 2.31379
574264 1 27 81.4633 80.5905 4.24089 7.20842 0.17325 1.28703 1.43096 2.04221
574264 1 28 81.3236 80.4856 4.19368 7.20315 0.186011 1.39534 2.25009 2.17262
574264 1 29 82.1982 81.3421 4.12637 7.12495 0.187224 1.43081 1.84942 1.20005
574264 1 30 82.8975 82.1774 4.40061 7.15429 0.190914 1.88197 1.65054 0.957517
574264 1 31 83.5945 82.7779 4.18574 7.19665 0.184927 1.24558 1.41045 1.25256
574264 1 32 81.4445 80.7864 4.13704 7.19889 0.179976 2.20671 1.58757 1.19065
574264 1 33 78.711 78.1767 3.41907 7.98864 0.118149 1.52481 2.05699 2.58189
574264 1 34 78.5491 77.9933 3.35234 8.26329 0.110725 1.25454 1.1987 2.63189
574264 1 35 80.583 79.7501 3.39149 7.86848 0.124232 0.930473 3.01402 2.66411
574264 1 36 80.3384 79.7015 3.42405 7.86021 0.13382 1.48866 1.57913 2.53331
574264 1 37 80.5863 79.5901 3.31174 7.98602 0.127734 1.20875 1.29465 2.63401
574264 1 38 80.9822 80.1665 3.25046 8.11219 0.109388 1.60772 1.62116 2.22744
574264 1 39 81.8573 81.0267 3.32946 8.12428 0.117546 0.943581 1.58088 2.36618
574264 1 40 81.625 80.9736 3.37033 8.30253 0.106642 1.33463 1.84369 2.83524
574264 1 41 81.3584 80.4228 3.12087 8.61423 0.0925618 1.22734 1.62942 2.66084
574264 1 42 80.826 80.1504 3.41977 8.20464 0.11451 1.50382 1.44694 2.47583
574264 1 43 83.3061 82.3153 3.47768 8.15994 0.111264 1.18439 1.19821 2.79161
574264 1 44 80.9221 80.1637 3.39002 8.14576 0.113616 1.45097 2.68291 2.52632
574264 1 45 80.9388 80.0496 3.35246 8.24616 0.10391 1.30671 1.48111 2.63049
574264 1 46 81.9023 81.1895 3.28255 8.21468 0.106467 1.1354 2.12374 2.64382
574264 1 47 80.4954 79.5987 3.27112 8.28711 0.118918 1.44341 1.28275 2.85103
574264 1 48 81.2675 80.5111 3.28371 8.11211 0.111305 1.14416 1.93829 2.63417
574264 1 49 81.6018 80.7723 3.43659 8.25777 0.114105 1.25387 1.83337 2.87017
574264 1 50 82.5229 81.7478 3.2812 8.37189 0.095009 1.13468 1.93385 2.71883
574264 1 51 81.9542 80.9987 3.52696 8.11074 0.112522 1.38381 2.44187 2.82006
574264 1 52 81.7944 81.0301 3.55456 8.06019 0.127164 1.46669 1.59172 2.60377
574264 1 53 82.7074 81.761 3.38562 8.20815 0.108238 1.27381 1.81306 2.74911
574264 1 54 82.0938 81.3821 3.4137 8.24111 0.105649 1.14229 1.5917 2.71855
574264 1 55 83.0338 82.1557 3.43937 8.20081 0.117563 1.16673 1.36286 2.71395
574264 1 56 82.7565 81.9776 3.86655 7.8862 0.126099 1.53074 2.13833 2.52084
574264 1 57 81.7558 80.7239 3.33923 8.48274 0.102358 1.25398 1.43831 2.44111
574264 1 58 81.1374 80.4595 3.90142 7.63274 0.14005 1.28882 1.67916 2.651
574264 1 59 82.7164 81.7021 3.93482 7.81662 0.146227 1.29773 2.10536 2.74027
574264 1 60 81.6742 80.996 3.89813 7.67398 0.15026 1.48617 1.86322 2.8065
574264 1 61 83.1224 82.0444 3.86943 7.83691 0.139258 0.940322 2.77925 2.5174
574264 1 62 82.1621 81.4597 3.83629 7.89025 0.148268 1.40079 2.62155 2.68673
574264 1 63 83.5118 82.6367 3.78671 7.8462 0.129344 1.32237 2.60126 2.69159
574264 1 64 82.257 81.4525 3.70189 7.9811 0.141256 1.46246 2.16972 2.62691
574264 2 1 74.8968 74.175 3.43574 7.86056 0.133981 1.17231 1.04313 2.58993
574264 2 2 75.7848 75.1533 3.56662 7.65843 0.126794 0.992287 1.55954 2.5532
574264 2 3 75.3581 74.7033 3.46467 7.98564 0.108722 1.28259 1.73933 2.71334
574264 2 4 75.3085 74.6113 3.53706 7.75525 0.129241 1.63167 1.73962 2.68627
574264 2 5 76.71 75.9407 3.51018 7.65409 0.124421 1.09461 1.21819 2.71624
574264 2 6 76.0811 75.2774 3.65231 7.80168 0.120283 1.49409 1.21412 2.32092
574264 2 7 75.5025 74.6576 3.51512 7.61851 0.127436 1.37924 1.12579 2.76499
574264 2 8 76.8842 76.0832 3.59017 7.73864 0.119708 1.04571 1.18574 2.73035
574264 2 9 76.4739 75.456 3.52408 7.9683 0.111897 1.27754 1.67465 2.76841
574264 2 10 76.195 75.2498 3.59958 7.81178 0.124672 1.28849 2.2808 2.8129
574264 2 11 76.7412 75.8646 3.59739 7.76003 0.128616 1.30699 1.93238 2.74049
574264 2 12 76.8902 76.1674 3.58781 7.69656 0.135208 1.11722 2.82918 2.8664
574264 2 13 76.3426 75.4705 3.55842 7.63714 0.144819 1.32214 1.52921 2.76472
574264 2 14 75.9002 75.1963 3.61707 7.62013 0.142315 1.14955 2.74901 2.69606
574264 2 15 77.4808 76.6879 3.56433 7.75537 0.123608 1.15358 1.31081 2.77169
574264 2 16 75.749 74.8378 3.50629 7.81029 0.127075 1.24888 1.98018 2.74711
574264 2 17 75.7628 74.9305 3.8068 7.70759 0.132196 0.974171 1.58051 2.64333
574264 2 18 77.5399 76.5977 3.89627 7.37651 0.147758 0.903695 1.52496 2.79997
574264 2 19 77.9611 77.0869 3.83582 7.48852 0.142564 1.68287 2.77098 2.65106
574264 2 20 76.9728 76.1609 3.87535 7.49753 0.162824 1.18455 1.57018 2.71448
574264 2 21 78.5706 77.6916 3.85728 7.12847 0.176762 1.07245 0.720562 2.49274
574264 2 22 79.0684 78.1341 3.8171 7.40829 0.163573 1.61995 1.20285 2.28739
574264 2 23 76.9341 75.9646 3.93102 7.20467 0.185406 1.27752 1.52974 2.21289
574264 2 24 77.5958 76.7114 3.87163 7.48556 0.153498 1.1427 2.6139 2.54541
574264 2 25 78.0157 77.2524 3.78251 8.28634 0.115129 1.5776 1.52543 1.53434
574264 2 26 77.7782 77.0683 3.92732 8.12659 0.127383 1.6719 2.51211 1.52464
574264 2 27 75.8198 75.198 3.83594 8.09945 0.126253 1.9091 1.47093 1.52346
574264 2 28 77.0691 76.3633 3.91126 7.93976 0.136707 1.69621 2.04349 1.54021
574264 2 29 76.9047 76.1664 3.94548 6.89854 0.184012 2.28075 1.50727 0.315656
574264 2 30 76.7308 76.0855 3.88482 7.03526 0.174427 1.76192 1.81662 0.259083
574264 2 31 77.5785 76.9198 3.82522 7.04057 0.173681 1.84905 2.15304 0.234745
574264 2 32 78.0626 77.4217 3.74935 7.37231 0.151368 1.5146 2.17265 0.291743
574264 2 33 68.1296 67.6136 3.11137 7.50765 0.10589 1.44321 0.878984 2.71119
574264 2 34 70.7068 70.2294 3.0905 7.81261 0.0948825 1.64669 1.10599 2.59097
574264 2 35 70.9356 70.2962 3.18161 7.5634 0.11486 1.52594 1.85594 2.74472
574264 2 36 70.4926 69.8443 3.22639 7.57038 0.110804 1.53904 1.95785 2.58769
574264 2 37 71.7826 71.0595 3.29926 7.51821 0.104234 1.42834 2.33684 2.85306
574264 2 38 72.1183 71.4384 3.22736 7.49361 0.116698 1.35759 1.96731 2.75364
574264 2 39 71.796 70.9764 3.39004 7.56737 0.122537 1.39636 2.88985 2.57565
574264 2 40 70.7241 70.1378 3.19177 7.81433 0.0990653 1.59029 1.49511 2.87269
574264 2 41 71.5589 70.8045 3.20252 7.59018 0.106162 1.48585 1.61116 2.79372
574264 2 42 70.1063 69.5741 3.26893 7.55741 0.110669 1.4072 1.5447 2.66909
574264 2 43 71.7256 70.9878 3.15308 7.69561 0.11776 1.4236 1.4084 2.89868
574264 2 44 71.5541 70.9597 3.19641 7.49138 0.116255 1.44047 1.01147 2.81968
574264 2 45 71.7652 71.0412 3.31372 7.51318 0.11942 1.40837 1.49233 2.65494
574264 2 46 71.7772 71.1388 3.20688 7.46018 0.122469 1.25199 1.93877 2.76498
574264 2 47 72.5303 71.7457 3.06935 7.75911 0.101377 1.49361 1.13938 2.47674
574264 2 48 70.864 70.1751 3.17219 7.38977 0.10816 1.45057 0.961738 2.87619
574264 2 49 73.0183 72.2185 3.07642 7.6168 0.114313 1.48356 1.76946 2.76672
574264 2 50 72.7159 71.9414 3.05598 7.9392 0.093856 1.67271 1.23478 2.79118
574264 2 51 72.0969 71.3058 3.21812 7.61006 0.109161 1.30192 1.28694 2.82784
574264 2 52 72.0801 71.4043 3.24494 7.54185 0.119485 1.33551 1.31398 2.62152
574264 2 53 72.6471 71.9322 3.27757 7.52209 0.117366 1.37202 1.27298 2.83881
574264 2 54 72.3272 71.6265 3.17419 7.55721 0.116448 1.22155 1.26848 2.86031
574264 2 55 71.8075 71.0299 3.28346 7.49677 0.118181 1.29123 1.48146 2.77944
574264 2 56 72.6898 71.9513 3.18703 7.85579 0.098728 1.2183 1.96383 2.63374
574264 2 57 72.751 71.916 3.02702 7.79979 0.0955242 1.20473 2.05797 2.65921
574264 2 58 72.0856 71.3493 3.22947 7.56624 0.12557 1.17809 1.04353 2.71092
574264 2 59 71.7973 70.95 3.25025 7.65264 0.113496 1.18525 1.51947 2.69189
574264 2 60 72.5039 71.8693 3.23769 7.59434 0.116475 1.42731 1.93407 2.80329
574264 2 61 72.6816 71.8584 3.21533 7.36112 0.117209 1.16531 1.38613 2.60224
574264 2 62 73.0407 72.26 3.31334 7.34735 0.136631 1.39803 0.937935 2.67165
574264 2 63 73.6965 72.9368 3.27221 7.54356 0.115076 1.30339 1.79414 2.67578
574264 2 64 73.2097 72.425 3.12528 7.68383 0.111525 1.45564 1.08566 2.61865
574264 3 1 77.5797 77.0878 2.8834 7.53752 0.0995135 1.64437 1.76156 2.62788
574264 3 2 78.1481 77.4935 3.01725 7.31081 0.11044 1.30649 2.17388 2.66809
574264 3 3 78.9246 78.2793 2.90084 7.5348 0.0962958 1.48593 1.45161 2.50099
574264 3 4 77.7554 77.0363 3.06884 7.37925 0.108234 1.32343 1.32224 2.73111
574264 3 5 78.6886 77.9338 2.7205 7.09962 0.102419 1.65236 0.904423 2.52895
574264 3 6 78.95 78.129 2.68935 7.32163 0.0906076 1.38713 1.22536 2.4014
574264 3 7 79.4004 78.713 2.74856 7.08262 0.101825 1.63101 1.52723 2.95353
574264 3 8 79.9854 79.1076 2.67273 7.32303 0.105208 1.19264 1.63876 2.67325
574264 3 9 78.8107 78.0935 3.0441 7.60081 0.101413 1.15092 2.1913 2.87027
574264 3 10 79.4828 78.6901 3.11092 7.35474 0.113102 1.34403 1.20182 2.87769
574264 3 11 79.1723 78.3892 3.00809 7.59632 0.101533 1.44879 2.07937 2.4713
574264 3 12 78.3024 77.5859 3.07102 7.47324 0.0972053 1.03792 1.71536 2.91189
574264 3 13 80.4717 79.7689 2.90025 7.27341 0.108845 1.31334 2.05678 2.93864
574264 3 14 79.3029 78.415 2.79642 7.31975 0.0973924 1.22134 1.40575 2.35934
574264 3 15 79.8241 78.9783 2.96828 7.16873 0.113886 1.43235 1.26047 2.89649
574264 3 16 80.1667 79.4879 2.93544 7.3431 0.104372 1.16962 2.27739 3.00252
574264 3 17 78.928 78.1128 4.16429 8.06241 0.125717 1.15957 0.729729 2.95399
574264 3 18 78.2781 77.3122 4.1667 7.893 0.115177 0.977682 1.83048 2.86463
574264 3 19 78.8089 78.0123 3.88736 7.96036 0.110129 1.53036 1.89051 2.3887
574264 3 20 78.6955 77.7956 4.04672 7.79833 0.119982 1.19358 0.930711 2.59032
574264 3 21 78.7207 77.8936 3.89398 7.6323 0.123024 1.28739 1.30308 2.53163
574264 3 22 80.067 78.996 3.84094 7.72725 0.12115 1.39 2.01637 2.20197
574264 3 23 78.3017 77.5013 3.98137 7.79508 0.129838 1.03817 0.956049 2.61908
574264 3 24 80.5937 79.6522 3.94896 8.02088 0.119792 1.46225 2.36836 2.6047
574264 3 25 78.8248 77.9646 3.83562 7.96895 0.114932 1.76706 3.30995 1.52392
574264 3 26 80.2605 79.4652 3.80752 7.72976 0.12237 1.96568 1.55124 1.43241
574264 3 27 79.8272 79.1761 3.67749 7.88208 0.106271 2.31361 2.69331 1.20281
574264 3 28 80.063 79.304 3.70081 7.72607 0.118769 1.70291 2.61471 1.33619
574264 3 29 79.0598 78.3539 3.66375 6.69162 0.153006 1.2984 1.96339 0.236658
574264 3 30 79.6283 78.8077 3.57647 6.73343 0.153047 1.69071 2.2184 0.108434
574264 3 31 78.921 78.2228 3.73051 6.67783 0.16096 2.20159 1.49357 0.216381
574264 3 32 80.4412 79.7407 3.65813 7.12176 0.135199 2.33304 3.0619 0.324551
574264 3 33 77.4936 77.1046 3.17929 7.7259 0.104159 1.43734 1.52874 2.84377
574264 3 34 78.3166 77.7235 2.97589 7.80603 0.100258 1.14558 2.03141 2.62095
574264 3 35 78.202 77.5335 3.28981 7.62795 0.116757 1.53302 1.58141 2.72583
574264 3 36 79.266 78.5906 3.35759 7.7928 0.110239 1.25355 1.70633 2.35912
574264 3 37 78.8353 78.0595 3.18971 7.51066 0.106351 1.34744 2.09874 2.70779
574264 3 38 78.777 78.178 3.11535 7.46042 0.0987314 1.1173 1.66155 2.8123
574264 3 39 79.5077 78.6458 3.28427 7.70834 0.111437 1.64413 1.18983 2.32337
574264 3 40 78.8583 78.188 3.2831 8.62409 0.0897084 1.31504 1.19459 3.04506
574264 3 41 80.8899 80.1648 3.00249 7.88338 0.0986286 1.31203 1.38568 2.98702
574264 3 42 78.6049 77.8755 3.50609 8.54342 0.0898295 1.36071 1.53544 2.49881
574264 3 43 79.4571 78.7718 3.50067 8.26664 0.0959441 0.958149 1.31341 3.00015
574264 3 44 81.189 80.4001 3.56355 8.3747 0.099328 1.22165 3.3744 2.66844
574264 3 45 78.4488 77.6755 3.54608 8.46976 0.0951407 1.38233 1.71641 2.5293
574264 3 46 80.2903 79.4907 3.59988 8.07122 0.114735 1.22254 2.11402 2.80208
574264 3 47 80.8821 80.0997 3.34605 8.42588 0.0899249 1.58345 2.51466 2.84567
574264 3 48 80.2674 79.5262 3.57028 8.0881 0.0990898 1.37885 1.62143 2.92906
574264 3 49 78.3244 77.5952 3.22981 8.21571 0.0884666 1.28634 1.05795 2.82577
574264 3 50 79.834 79.1238 3.07523 8.49993 0.0904022 1.19175 1.80383 2.96946
574264 3 51 80.59 79.8865 3.21734 8.43708 0.0816799 1.51204 1.25221 2.81638
574264 3 52 81.171 80.3336 3.23372 8.56577 0.0807331 1.31903 1.73887 2.5418
574264 3 53 81.1645 80.4535 3.24936 8.2982 0.0948844 1.28433 2.32722 2.88987
574264 3 54 81.0853 80.2027 3.14665 8.1463 0.0953149 1.47468 1.37973 2.91741
574264 3 55 80.4065 79.6956 3.28205 8.41044 0.0874786 1.62782 2.12905 2.57616
574264 3 56 81.1903 80.3776 2.77053 7.9254 0.0860792 1.46471 1.36966 2.75326
574264 3 57 79.8717 79.1057 3.07047 8.24924 0.0816624 1.319 1.46476 2.79861
574264 3 58 81.086 80.2406 2.84653 7.88984 0.0911108 1.71161 1.50078 2.49526
574264 3 59 81.5187 80.6203 2.89265 7.72489 0.0961522 1.24963 1.82617 2.78654
574264 3 60 81.738 80.8816 2.86525 7.8104 0.0953266 1.60948 0.988582 2.51729
574264 3 61 81.4747 80.7587 2.76014 7.76552 0.0913419 1.13156 1.74805 2.54726
574264 3 62 81.4953 80.7829 2.73742 7.58884 0.0945533 1.25264 0.971721 2.77658
574264 3 63 81.605 80.8091 2.71022 7.4952 0.0986274 1.39512 2.2569 2.75678
574264 3 64 81.784 80.9593 2.57705 7.67523 0.0887439 1.28806 1.47516 2.32194
574264 4 1 76.9116 76.4233 2.59367 7.70815 0.0974011 1.29755 1.4351 2.694
574264 4 2 77.8082 77.0112 2.62644 7.37775 0.111423 1.05927 1.02521 2.69631
574264 4 3 78.1463 77.662 2.61559 7.56571 0.0946366 1.35435 1.37954 2.73196
574264 4 4 77.6931 77.0158 2.72811 7.48866 0.103679 1.22749 0.853601 2.81682
574264 4 5 77.6673 76.9941 2.57207 7.66535 0.101168 1.41009 1.18758 2.8205
574264 4 6 79.302 78.509 2.62843 7.72758 0.0915603 1.26962 0.827754 2.57254
574264 4 7 78.3767 77.6211 2.47914 7.53081 0.108496 1.18344 1.67232 2.70865
574264 4 8 78.3797 77.5625 2.54369 7.8615 0.0911722 1.06199 1.04066 2.83448
574264 4 9 78.357 77.5187 2.53541 7.52811 0.0964597 1.15216 0.813643 2.7764
574264 4 10 79.0137 78.1361 2.64503 7.34458 0.122067 1.09182 1.33442 2.77966
574264 4 11 78.8679 78.1141 2.54973 7.59025 0.104104 1.11274 0.64321 2.73201
574264 4 12 79.2138 78.4889 2.66748 7.48087 0.0968055 0.914164 0.986215 2.76755
574264 4 13 79.4022 78.6253 2.65011 7.61635 0.104328 1.33952 1.37183 2.91947
574264 4 14 79.2885 78.4538 2.60125 7.7579 0.0912723 1.51847 1.13836 2.64959
574264 4 15 79.1092 78.364 2.56848 7.47861 0.1078 1.5464 1.23364 2.59647
574264 4 16 80.4376 79.7867 2.52444 7.79333 0.09595 1.13051 0.86349 2.80888
574264 4 17 79.4283 78.7068 2.5318 7.15024 0.108811 0.868455 1.46902 2.70452
574264 4 18 79.5228 78.7211 2.54753 6.91637 0.12243 1.31678 0.90658 2.66846
574264 4 19 79.3069 78.628 2.68682 7.04606 0.123867 1.24859 0.939432 2.40232
574264 4 20 80.6242 79.638 2.58351 6.9754 0.128606 1.75644 2.05813 2.63189
574264 4 21 78.8485 78.2914 2.67063 7.33583 0.115467 1.2133 0.873982 2.51615
574264 4 22 80.6232 79.5675 2.61901 7.37014 0.107558 1.26344 1.38621 2.5485
574264 4 23 79.4486 78.7116 2.57833 7.27233 0.120078 1.02455 0.856911 2.70352
574264 4 24 79.8725 78.9484 2.56056 7.52826 0.107446 1.12094 1.75422 2.49339
574264 4 25 80.5137 79.8498 2.62613 7.00356 0.130663 1.44181 1.3104 1.62444
574264 4 26 80.632 79.7674 2.73636 6.95639 0.139403 1.9168 1.44003 1.63208
574264 4 27 80.4164 79.7493 2.7067 6.9878 0.131582 1.39704 1.21414 1.44769
574264 4 28 80.525 79.6674 2.74295 6.8945 0.139625 1.45664 1.07843 1.50004
574264 4 29 79.3615 78.7162 2.72464 6.92801 0.136565 2.0494 0.741972 0.41597
574264 4 30 80.8791 80.1048 2.66865 6.8783 0.134734 1.29029 0.858984 0.305432
574264 4 31 79.758 79.2684 2.69834 6.86572 0.139398 2.01649 0.62861 0.330118
574264 4 32 80.8161 80.1531 2.64608 6.89037 0.136665 1.5263 1.68564 0.405418
574264 4 33 79.7247 79.2334 2.37129 7.43428 0.0936564 2.69521 0.92451 0.844233
574264 4 34 79.3 78.7658 2.37564 7.68015 0.0894455 2.54328 1.22474 1.27408
574264 4 35 80.6074 79.9967 2.32654 7.53575 0.0928953 1.76361 1.63191 1.16355
574264 4 36 82.433 81.8416 2.29133 7.60134 0.0858436 2.33962 2.41426 1.46885
574264 4 37 81.5049 80.9639 2.29191 7.79912 0.0833938 1.44996 1.03242 2.19523
574264 4 38 81.0051 80.2703 2.31613 7.71256 0.085065 2.26902 1.37477 1.84788
574264 4 39 81.1165 80.564 2.24591 7.94697 0.0774928 1.30101 1.11258 2.36028
574264 4 40 81.8455 81.2517 2.32493 7.86073 0.0798533 1.31042 2.62874 2.51171
574264 4 41 82.4874 81.7816 2.2972 7.91437 0.0756829 2.72902 1.7221 1.51833
574264 4 42 82.2693 81.6264 2.27091 7.7897 0.0838944 1.43036 1.4719 2.62602
574264 4 43 82.8486 82.2235 2.27367 7.83396 0.0745149 1.37139 1.27344 2.67646
574264 4 44 83.3699 82.6886 2.28177 7.90494 0.0788401 1.5308 1.97319 2.72324
574264 4 45 82.403 81.7033 2.19478 8.05657 0.0716635 1.37343 1.67135 2.44679
574264 4 46 82.5883 81.8952 2.2019 8.05969 0.0741272 1.73806 2.09797 2.69814
574264 4 47 80.7842 80.045 2.24674 8.02982 0.0731123 1.03578 1.85748 2.75093
574264 4 48 82.8345 82.0717 2.26341 8.0649 0.0809239 1.28057 1.63548 2.78131
574264 4 49 81.2348 80.5354 2.3582 7.60145 0.0981292 1.06274 1.30959 2.77091
574264 4 50 82.7113 82.0044 2.3576 7.76063 0.0913824 1.21269 2.2041 2.74032
574264 4 51 82.1868 81.5126 2.40785 7.71227 0.0876886 1.14151 2.03523 2.88187
574264 4 52 83.4871 82.7346 2.35509 7.71323 0.0890479 1.15211 2.14507 2.71718
574264 4 53 83.0578 82.3542 2.31294 7.83249 0.0803376 1.19109 1.67636 2.83867
574264 4 54 83.4978 82.7539 2.34831 7.80436 0.0845554 1.26349 1.46802 2.9133
574264 4 55 82.1375 81.5629 2.33051 7.83726 0.0844206 1.61603 1.35164 2.69789
574264 4 56 84.0116 83.2008 2.41937 7.79659 0.0826804 1.30502 2.55014 2.72154
574264 4 57 84.553 83.8547 2.29288 7.93751 0.0800747 1.36976 2.67184 2.66536
574264 4 58 83.0774 82.3145 2.41202 7.84266 0.0879208 1.26404 1.59872 2.81347
574264 4 59 82.3506 81.7057 2.4715 7.70615 0.0918963 1.37759 77.2921 2.7339
574264 4 60 84.1828 83.4252 2.44332 7.738 0.0902406 1.34944 2.0453 2.74157
574264 4 61 82.4025 81.7265 2.45771 8.09589 0.08166 1.80321 1.55556 2.27994
574264 4 62 84.1887 83.4279 2.42224 7.91367 0.0800962 1.42131 2.79256 2.82752
574264 4 63 82.8472 82.1381 2.37138 7.90624 0.0843633 1.63062 1.1453 2.8488
574264 4 64 84.5451 83.797 2.35233 8.06668 0.0712959 1.13875 2.61179 2.85006
574264 5 1 80.0903 79.6889 2.63825 7.38589 0.122553 1.44384 1.86958 2.54847
574264 5 2 82.0421 81.3309 2.75426 7.13639 0.119223 1.43395 1.65601 2.29065
574264 5 3 82.5183 81.9904 2.65645 7.27489 0.115279 1.19053 1.72899 2.39003
574264 5 4 83.8891 83.1487 2.71941 7.13026 0.127349 1.2856 2.05142 2.67104
574264 5 5 82.0751 81.5723 2.74939 7.23114 0.140165 1.1701 1.35779 2.68129
574264 5 6 82.635 81.8117 2.84416 7.11364 0.12838 1.23004 1.81545 2.34855
574264 5 7 81.75 81.1087 2.76108 7.19582 0.125758 2.21944 1.38115 1.19631
574264 5 8 81.6425 80.9119 2.78069 7.59493 0.123753 0.896344 1.33738 2.69514
574264 5 9 81.923 81.2706 2.73666 7.6972 0.109748 1.53703 1.51028 2.57197
574264 5 10 83.5747 82.6422 2.77477 7.2629 0.118439 1.07191 1.28666 2.82317
574264 5 11 82.438 81.7684 2.73839 7.38359 0.121286 1.34055 1.32821 2.48991
574264 5 12 83.3583 82.5391 2.74907 7.32423 0.121337 1.16377 3.04693 2.51953
574264 5 13 81.6009 80.9454 2.89067 7.20971 0.135339 1.37559 1.545 2.09984
574264 5 14 83.8104 83.0093 2.83632 7.33311 0.119684 1.0774 1.2277 2.48363
574264 5 15 81.0431 80.4859 2.9546 7.11454 0.150109 1.13046 1.756 2.68723
574264 5 16 82.6748 81.792 2.82805 7.35139 0.122711 1.61527 1.86942 2.02288
574264 5 17 81.2472 80.7435 3.05748 7.85246 0.112501 1.25738 1.85384 2.4352
574264 5 18 84.1544 83.3193 2.94589 7.44415 0.125718 1.10829 1.58944 2.63793
574264 5 19 83.6497 83.0139 2.92486 7.6159 0.122518 1.50225 1.26484 2.50874
574264 5 20 84.0543 83.1846 2.9472 7.55577 0.121543 1.65131 1.76919 2.58117
574264 5 21 82.6614 82.067 3.04525 7.27354 0.139565 1.42426 0.809644 2.3228
574264 5 22 84.2228 83.2354 2.96348 6.88334 0.145038 4.4097 1.68381 0.230236
574264 5 23 82.196 81.7221 3.10149 7.25613 0.147991 1.3122 1.94879 2.08074
574264 5 24 84.3066 83.5384 3.08185 7.72994 0.121486 1.32225 2.42633 2.34449
574264 5 25 82.3996 81.8388 3.12034 7.87901 0.120485 1.83072 1.42637 1.72287
574264 5 26 82.8991 82.294 3.12837 7.65482 0.119581 1.72105 2.01365 1.6791
574264 5 27 82.9811 82.4674 3.03351 7.83456 0.110186 1.83594 1.43312 1.61114
574264 5 28 83.186 82.6063 3.07281 7.66421 0.121645 2.08753 1.20991 1.66695
574264 5 29 82.6708 82.0844 3.16008 6.62823 0.180876 2.50428 1.63257 0.128478
574264 5 30 83.8807 83.2714 3.12854 7.22473 0.136549 2.02004 1.78462 0.357377
574264 5 31 83.3891 82.921 3.20016 7.03074 0.149431 2.30176 2.09643 0.437634
574264 5 32 82.4766 81.9634 3.19247 6.44132 0.177382 2.28386 1.51549 0.0719323
574264 5 33 74.0704 73.668 2.8017 7.58278 0.110966 1.02991 1.36581 2.82867
574264 5 34 74.9863 74.2878 2.83002 7.7705 0.0900722 1.23713 1.24452 2.84026
574264 5 35 75.2766 74.6387 2.79938 7.56813 0.109181 0.988371 1.23835 2.71768
574264 5 36 75.421 74.5091 2.77695 7.52052 0.112097 1.38775 1.42499 2.71295
574264 5 37 76.1796 75.4168 2.86892 7.44208 0.107439 1.36722 2.20902 2.66454
574264 5 38 75.9691 75.1263 2.88606 7.52229 0.113674 1.16931 1.87654 1.97283
574264 5 39 76.5181 75.7374 2.81109 7.38887 0.113529 2.74761 1.04976 0.912328
574264 5 40 76.8458 76.0471 2.83617 7.73561 0.100293 1.59181 1.33654 2.56013
574264 5 41 75.6432 75.0568 2.89468 7.6295 0.105174 1.06476 1.24373 2.74304
574264 5 42 77.5395 76.7514 2.73019 7.55865 0.100635 1.11423 1.27335 2.673
574264 5 43 77.1304 76.3696 2.84256 7.50044 0.101203 0.995297 1.58904 2.78492
574264 5 44 76.4278 75.7082 2.75853 7.56872 0.102518 1.44785 0.886016 2.79232
574264 5 45 76.706 76.0678 2.87713 7.53242 0.113943 1.68154 1.658 2.59218
574264 5 46 77.2892 76.4013 2.86181 7.31447 0.118292 1.15149 1.16198 1.45925
574264 5 47 76.9937 76.3752 2.76812 7.37677 0.113232 1.35134 0.665118 2.05244
574264 5 48 76.7819 75.9857 2.85466 7.28308 0.115729 1.6003 1.61208 2.80279
574264 5 49 76.5169 75.8354 2.71687 7.33591 0.115903 1.27445 2.46132 2.8449
574264 5 50 77.2686 76.4802 2.76561 7.68054 0.100439 1.40368 1.64609 2.49687
574264 5 51 76.6472 76.0121 2.79915 7.2661 0.117611 1.51358 1.25114 2.51932
574264 5 52 76.6898 75.8937 2.79863 7.32136 0.113894 1.07115 1.34651 2.41168
574264 5 53 76.9172 76.375 2.86928 7.18253 0.118253 1.11193 1.13232 2.78874
574264 5 54 76.3364 75.4691 2.89628 7.10521 0.126428 1.30817 1.2767 2.63113
574264 5 55 78.2538 77.6279 2.85772 7.17745 0.118644 1.85954 1.97555 2.20687
574264 5 56 77.8073 76.9494 2.61416 7.40962 0.106466 1.425 0.804388 2.52036
574264 5 57 77.5602 76.9005 2.86966 7.54834 0.104956 1.7367 1.15392 2.55435
574264 5 58 78.096 77.244 2.59169 7.12012 0.111387 1.32869 1.17845 2.54118
574264 5 59 77.8664 77.2876 2.65643 7.24395 0.116212 1.02335 1.37854 2.70367
574264 5 60 77.3841 76.6674 2.64442 7.22637 0.111566 1.56182 1.02365 2.55441
574264 5 61 76.8877 76.1788 2.71776 7.07699 0.130127 1.71112 1.1454 2.59349
574264 5 62 76.4857 75.7564 2.73854 7.07114 0.123781 1.52895 1.83443 2.66182
574264 5 63 77.0942 76.4816 2.75609 7.15835 0.120569 1.27291 1.18457 2.68811
574264 5 64 77.9789 77.1924 2.72013 7.394 0.108973 1.66329 2.34912 2.35669
574264 6 1 78.1352 77.5392 1.67174 6.68629 0.100778 1.59981 1.00444 2.23905
574264 6 2 78.1389 77.4327 1.86794 6.72672 0.103998 1.77035 1.26898 2.30272
574264 6 3 78.129 77.4864 1.7326 6.66873 0.0991584 1.29311 1.92364 2.4238
574264 6 4 78.8675 78.1035 1.87149 6.68434 0.105808 1.96111 1.20406 2.29857
574264 6 5 77.3952 76.555 1.74792 6.62887 0.106163 1.10286 0.878588 2.40188
574264 6 6 80.0607 79.2394 1.87627 6.62424 0.111476 1.57785 1.09935 2.34743
574264 6 7 78.3642 77.5977 1.74086 6.69439 0.0992601 1.5646 0.818892 2.45729
574264 6 8 80.5489 79.5611 1.68952 6.71984 0.104635 1.13621 0.95186 2.38504
574264 6 9 79.3667 78.5466 1.75942 6.59867 0.109445 1.43288 1.72611 2.37008
574264 6 10 79.7919 78.8224 1.76249 6.59747 0.106385 1.03975 1.06709 2.48967
574264 6 11 79.3575 78.564 1.75484 6.53932 0.107032 1.29381 0.893376 2.37838
574264 6 12 79.9576 79.0479 1.78214 6.58768 0.109176 1.34125 0.503775 2.51254
574264 6 13 80.3171 79.4626 1.77232 6.456 0.116364 1.58195 1.12404 2.50998
574264 6 14 80.2863 79.538 1.78935 6.49808 0.113112 1.37277 2.412 2.34642
574264 6 15 79.2644 78.4547 1.81535 6.50417 0.116269 1.51883 1.00641 2.54722
574264 6 16 80.1194 79.2824 1.81658 6.53156 0.11266 1.66357 0.711446 2.54487
574264 6 17 80.6801 79.8768 1.84598 6.4792 0.116055 1.49477 2.22969 2.35816
574264 6 18 81.7418 80.8417 1.94005 6.33612 0.129027 1.20423 1.59086 2.5615
574264 6 19 81.2336 80.4883 1.9916 6.37177 0.129718 1.04567 1.28731 2.40233
574264 6 20 81.5931 80.7885 2.01179 6.33708 0.126392 1.583 0.928055 2.59994
574264 6 21 82.0329 81.3745 2.06988 6.19719 0.142264 1.44041 2.41443 2.41585
574264 6 22 82.7369 81.8743 1.98155 6.19863 0.136156 1.54778 2.54295 2.36233
574264 6 23 80.0844 79.5226 2.00987 6.29977 0.131582 1.09509 0.892022 2.45687
574264 6 24 81.3492 80.4997 1.94766 6.46043 0.131088 1.40373 1.08156 2.38845
574264 6 25 79.946 79.2904 2.05394 6.44273 0.126107 3.12858 1.32874 1.46625
574264 6 26 80.9957 80.3491 2.16747 6.35204 0.143863 2.60342 1.35998 1.45878
574264 6 27 79.6451 79.0527 2.18906 6.29593 0.141811 1.20912 1.23211 1.54308
574264 6 28 80.8448 80.2213 2.12431 6.36659 0.138284 1.6192 1.31416 1.53281
574264 6 29 80.2732 79.8069 2.25201 5.98177 0.165826 3.77802 1.37486 0.312736
574264 6 30 80.411 79.9491 2.3039 5.9994 0.173384 3.61091 1.13811 0.262943
574264 6 31 81.8996 81.4482 2.23877 6.21176 0.153419 3.72991 0.901881 0.29737
574264 6 32 81.4709 81.0292 2.06919 6.19935 0.141933 4.10794 1.95394 0.292582
574264 6 33 75.4991 74.8297 1.75612 6.83077 0.0934923 1.35381 1.07599 2.38679
574264 6 34 76.7938 76.0207 1.804 6.93358 0.091445 1.52158 1.11649 2.3793
574264 6 35 76.399 75.6993 1.72779 6.87366 0.103745 1.04971 2.41234 2.41055
574264 6 36 76.2259 75.4186 1.68424 6.88497 0.0884132 1.82628 0.695337 2.27022
574264 6 37 78.0252 77.3591 1.74604 6.8378 0.0970178 1.08325 1.0968 2.4183
574264 6 38 76.3946 75.5787 1.83036 6.87386 0.0985478 1.42347 1.21985 2.46399
574264 6 39 76.9415 76.2112 1.71735 6.81911 0.0969756 1.65602 1.41914 2.36965
574264 6 40 78.3895 77.5414 1.63747 7.10939 0.0900829 1.41036 1.02041 2.42284
574264 6 41 77.8948 77.2013 1.79583 6.83924 0.0969377 1.5068 1.33472 2.4319
574264 6 42 78.604 77.7935 1.60747 7.05755 0.0868482 1.38681 1.11015 2.30119
574264 6 43 78.0252 77.302 1.65367 7.08973 0.0848728 1.9004 2.29232 2.36556
574264 6 44 78.1931 77.4254 1.64538 7.04191 0.0839186 1.98238 0.478625 2.35185
574264 6 45 79.364 78.6628 1.62559 6.99455 0.0862766 1.15814 1.20442 2.39164
574264 6 46 78.9155 78.1421 1.66889 6.97866 0.0911169 0.99367 1.59175 2.40074
574264 6 47 77.7215 76.9901 1.6916 7.04744 0.0870565 1.1799 3.56296 2.5053
574264 6 48 77.8145 76.9888 1.69935 6.9421 0.0898901 1.74271 0.589376 2.43542
574264 6 49 77.5971 76.8434 1.63475 6.99307 0.0891307 1.52392 0.889156 2.46644
574264 6 50 79.539 78.7676 1.62953 7.02586 0.0814651 1.21374 0.724901 2.26065
574264 6 51 77.2493 76.5593 1.63617 7.01311 0.0876224 1.16726 1.18246 2.50286
574264 6 52 80.0285 79.2156 1.67151 6.89582 0.0957258 1.81802 0.842279 2.34964
574264 6 53 78.6529 77.9772 1.6647 6.87641 0.0890943 1.85455 1.00321 2.23803
574264 6 54 79.4827 78.7961 1.68733 6.91626 0.0923057 1.70745 1.15764 2.21366
574264 6 55 78.5358 77.9093 1.71952 6.90145 0.0887321 1.82779 1.69716 2.33431
574264 6 56 79.7291 78.9898 1.65942 6.90715 0.0873878 1.43798 0.656647 2.31052
574264 6 57 80.2013 79.4481 1.66499 6.95313 0.0919343 0.944871 1.02601 2.41973
574264 6 58 78.7465 77.9085 1.70807 6.82932 0.097121 1.05963 0.979339 2.37669
574264 6 59 79.6118 78.9039 1.6862 6.84719 0.0929237 1.48832 1.57364 2.33396
574264 6 60 78.348 77.557 1.71907 6.80139 0.0987222 0.994381 2.26946 2.43249
574264 6 61 79.1624 78.4832 1.68151 6.85774 0.0933871 1.54485 1.66126 2.305
574264 6 62 79.6436 78.8901 1.69322 6.73219 0.101858 1.23132 1.23676 2.42055
574264 6 63 79.1898 78.4772 1.67484 6.81608 0.0944079 1.36466 1.71257 2.46052
574264 6 64 80.4604 79.6066 1.64564 6.82148 0.0946398 1.11807 0.920992 2.37547
574264 7 1 71.9925 71.5082 2.77058 8.18857 0.0722017 1.4577 1.56522 2.5324
574264 7 2 73.6494 73.0462 2.88998 8.22452 0.0803882 1.69726 1.2074 2.67398
574264 7 3 74.2112 73.6196 2.70259 8.22912 0.0722711 1.53886 0.750868 2.41478
574264 7 4 73.2946 72.7218 2.92356 8.23134 0.0722091 1.16545 0.818692 2.72946
574264 7 5 73.5242 72.8793 2.84641 7.97586 0.0831065 1.09833 1.9352 2.67385
574264 7 6 75.0408 74.3633 2.86843 8.11297 0.0726474 1.65754 1.08539 2.50781
574264 7 7 75.3261 74.7076 2.92341 8.06653 0.0813811 1.54514 1.32494 2.67233
574264 7 8 75.6677 74.9437 2.88746 8.10705 0.0793457 1.34951 2.14451 2.46848
574264 7 9 75.1461 74.4101 2.98622 8.33063 0.0815585 1.2163 1.86757 2.65887
574264 7 10 75.3785 74.7349 3.08935 8.19068 0.0799469 1.37567 1.89688 2.71993
574264 7 11 74.2309 73.5313 3.00828 8.24474 0.0798565 1.34911 2.09789 2.46399
574264 7 12 75.212 74.57 3.09747 8.1849 0.0841272 1.13767 1.77305 2.67096
574264 7 13 75.4587 74.8621 3.1874 8.0043 0.0893191 1.28441 1.41787 2.67659
574264 7 14 73.946 73.2725 3.12921 8.00474 0.0828401 1.37379 2.00021 2.43863
574264 7 15 75.1116 74.4995 3.29104 8.11528 0.0866597 1.23861 1.67703 2.81583
574264 7 16 75.017 74.3654 3.10118 8.234 0.0758553 1.15131 1.94817 2.82552
574264 7 17 73.3681 72.7009 3.44129 8.12932 0.0920335 0.949139 1.82373 2.96938
574264 7 18 73.4332 72.7949 3.35782 8.0438 0.0909302 1.41739 1.19396 2.86235
574264 7 19 75.3576 74.5669 3.26673 8.09075 0.0903558 1.67161 1.76497 2.42016
574264 7 20 76.2945 75.6188 3.36307 8.19745 0.0859759 1.78057 2.33628 2.6158
574264 7 21 75.105 74.4376 3.50534 7.92662 0.101605 1.26707 1.69335 2.62849
574264 7 22 76.0524 75.2856 3.43207 7.98169 0.0975515 1.6537 1.69987 2.27064
574264 7 23 74.6645 73.9816 3.56505 7.91503 0.113498 1.22202 2.19183 2.74289
574264 7 24 75.15 74.436 3.59899 7.97923 0.0946797 1.31252 1.81823 2.8163
574264 7 25 75.3854 74.7322 2.45341 7.74147 0.08386 2.26556 0.70529 1.74429
574264 7 26 75.1553 74.6612 2.87016 7.85281 0.0941718 1.35343 1.15451 2.03077
574264 7 27 76.2745 75.5919 3.08467 8.15759 0.0854484 1.72131 2.01108 1.49746
574264 7 28 76.5921 76.1611 3.13509 8.03257 0.0905616 1.7673 1.45904 1.63477
574264 7 29 76.3065 75.6887 3.2362 7.66122 0.105549 2.79461 1.44338 0.405287
574264 7 30 76.3419 75.9009 3.25218 7.70998 0.101509 2.07398 2.16998 0.326916
574264 7 31 75.4488 74.9021 3.31331 7.5586 0.112503 3.1498 1.37473 0.411571
574264 7 32 76.0737 75.7595 2.6749 7.59014 0.0969923 3.40697 2.03761 0.493476
574264 7 33 77.6817 77.2977 2.72473 8.8824 0.0612509 1.32003 1.67744 2.8113
574264 7 34 76.519 76.1005 2.65427 8.82316 0.0595233 1.41587 1.48659 2.89896
574264 7 35 75.2963 74.667 2.72691 8.88434 0.063026 1.24619 1.72008 2.76061
574264 7 36 77.0259 76.3994 2.79865 8.91646 0.0634297 1.50212 1.41494 2.60733
574264 7 37 77.5334 76.9781 2.71216 8.71982 0.0645931 1.52871 2.86429 2.82277
574264 7 38 78.2687 77.5131 2.70466 8.72516 0.066443 1.67703 1.66155 2.82862
574264 7 39 78.5714 77.9182 2.74728 8.84312 0.0653465 1.38122 1.64624 2.52035
574264 7 40 78.6903 78.259 2.65157 8.664 0.0669519 1.01952 0.944486 3.02782
574264 7 41 77.819 77.1554 2.66179 8.77306 0.0620494 1.05502 1.06083 2.96521
574264 7 42 79.4595 78.8506 2.73906 8.68121 0.0712218 1.10171 2.19804 2.50025
574264 7 43 77.4653 76.8337 2.72239 8.52941 0.0673433 1.33089 2.14078 2.88177
574264 7 44 78.9145 78.2705 2.68609 8.50361 0.0691951 1.54597 0.747336 2.68241
574264 7 45 78.6642 78.0302 2.69151 8.45462 0.07101 1.44907 1.38906 2.50698
574264 7 46 77.2643 76.703 2.70163 8.3411 0.0757286 1.26216 1.46299 2.70061
574264 7 47 80.2871 79.6226 2.5554 8.348 0.0623872 1.51273 1.56132 2.96163
574264 7 48 78.0156 77.2395 2.70184 8.16845 0.0757433 1.13962 1.46842 2.81363
574264 7 49 78.3229 77.6449 2.63833 8.54063 0.0660551 1.35258 1.62964 2.68961
574264 7 50 78.6409 77.9108 2.57931 8.54927 0.0652464 1.23497 2.10404 2.85607
574264 7 51 78.6438 78.1162 2.65298 8.62621 0.067751 1.96387 1.09923 2.56891
574264 7 52 79.6812 79.0362 2.67794 8.61688 0.0683483 1.91956 1.91202 2.56244
574264 7 53 79.2517 78.6047 2.60455 8.44249 0.0672487 1.44651 1.73784 2.62503
574264 7 54 78.6854 78.1919 2.65984 8.4072 0.0710291 1.24174 1.53949 2.66387
574264 7 55 79.1191 78.3883 2.692 8.40809 0.0678461 1.44432 1.25719 2.48424
574264 7 56 80.5834 79.9753 2.83746 8.51498 0.0773912 1.09891 1.52565 2.53889
574264 7 57 80.1466 79.493 2.64551 8.32684 0.0751205 1.47322 0.82829 2.65569
574264 7 58 81.0475 80.5224 2.79067 8.44245 0.070008 1.03998 2.38355 2.52473
574264 7 59 80.0803 79.4057 2.83729 8.40392 0.076074 1.05201 1.47691 2.695
574264 7 60 77.943 77.2757 2.78573 8.26716 0.0764831 1.44276 1.83055 2.67932
574264 7 61 80.0298 79.4492 2.73878 8.32241 0.0742985 1.38054 1.22987 2.53438
574264 7 62 79.7489 79.1517 2.76574 8.17173 0.0809066 1.03168 1.68348 2.75847
574264 7 63 79.9976 79.2837 2.80467 8.21725 0.0820219 1.55852 1.01525 2.74716
574264 7 64 79.9662 79.315 2.81128 8.16606 0.0787481 1.51666 1.29295 2.48537
574264 8 1 77.1136 76.6828 3.46847 8.51467 0.0917271 1.94894 1.23078 2.12755
574264 8 2 76.2118 75.8068 3.59284 8.30624 0.10598 1.0428 1.34303 2.21613
574264 8 3 76.6989 76.087 3.43191 8.10298 0.0998199 1.63922 1.94676 1.90249
574264 8 4 76.5232 76.139 3.54366 8.20974 0.104764 1.3274 1.24964 2.26563
574264 8 5 76.4509 75.9199 3.61646 7.95963 0.115983 1.20202 2.90143 2.24773
574264 8 6 76.8446 76.3235 3.63669 8.03149 0.110937 1.72951 1.5991 1.98286
574264 8 7 77.0074 76.4599 3.56915 8.21694 0.104839 1.50766 1.65052 2.32168
574264 8 8 79.0551 78.5879 3.43814 8.4171 0.094146 1.55635 2.03477 2.07121
574264 8 9 79.236 78.5726 3.54191 8.33062 0.101524 1.77516 1.34726 2.07601
574264 8 10 77.1262 76.6196 3.53046 8.24075 0.105879 1.18834 1.26401 2.30864
574264 8 11 79.3334 78.3815 3.56318 8.13643 0.108654 1.21845 1.71113 1.84924
574264 8 12 77.6775 77.3047 3.5976 8.19468 0.107413 1.50226 2.39457 2.23539
574264 8 13 78.7651 78.0744 3.72227 8.04282 0.118562 1.64879 1.55273 2.14245
574264 8 14 77.7231 77.2994 3.61261 8.02339 0.112959 1.40055 1.46882 1.94396
574264 8 15 78.849 78.1233 3.66722 8.06813 0.115376 1.68461 1.9076 2.2891
574264 8 16 78.484 77.9523 3.63429 8.34623 0.10262 1.43094 1.87798 2.29103
574264 8 17 78.2545 77.6217 3.66088 8.31536 0.113091 1.42039 1.32783 2.35013
574264 8 18 78.0397 77.5899 3.81726 8.17658 0.117267 1.53798 1.95237 2.23074
574264 8 19 78.012 77.3416 3.78685 8.19012 0.113201 1.35619 1.78195 1.73557
574264 8 20 78.9745 78.4279 3.7625 8.18532 0.121739 1.1451 1.51629 2.18907
574264 8 21 78.3493 77.7119 3.88173 8.00493 0.129373 1.26164 3.02125 1.75864
574264 8 22 78.5351 77.687 3.93991 8.00249 0.128385 1.77748 2.97742 1.57642
574264 8 23 78.9626 78.435 3.77391 7.99506 0.129529 1.58717 2.15564 1.96089
574264 8 24 79.2966 78.6362 3.50206 7.98034 0.119194 1.43273 1.51852 2.00721
574264 8 25 79.6832 79.1338 3.56922 8.39058 0.102486 2.44134 1.77836 0.921141
574264 8 26 77.6013 77.1196 3.63159 8.07987 0.118222 1.53295 1.59486 0.986528
574264 8 27 79.5719 78.9583 3.66717 8.47911 0.104916 2.45056 1.96386 0.783179
574264 8 28 78.3304 77.999 3.65135 8.24663 0.111868 2.92129 1.60461 0.933231
574264 8 29 77.8026 77.3712 3.69511 7.1411 0.151232 2.94896 1.11974 0.142362
574264 8 30 78.4136 78.0649 3.71367 6.94596 0.148527 2.59958 1.64904 0.100296
574264 8 31 78.5546 78.1209 3.74339 7.1164 0.150187 3.23512 1.65089 0.135445
574264 8 32 77.9217 77.6191 3.59031 7.17247 0.142043 2.66952 1.2374 0.150157
574264 8 33 70.5576 70.1667 3.45726 7.55192 0.126493 1.8214 1.53765 2.25178
574264 8 34 71.4297 71.0534 3.43092 7.64622 0.11101 1.59704 1.46506 2.34996
574264 8 35 70.788 70.1007 3.4746 7.46164 0.129413 1.37009 1.14246 2.10373
574264 8 36 72.1936 71.7233 3.55009 7.38184 0.138943 1.88487 1.89319 1.70273
574264 8 37 72.1789 71.6065 3.57322 7.33644 0.130181 1.60316 1.33354 2.06914
574264 8 38 71.7681 71.2374 3.57456 7.47987 0.141935 1.38012 1.80645 2.39826
574264 8 39 72.0833 71.4371 3.5875 7.33266 0.136672 1.82032 2.04553 2.01269
574264 8 40 72.8528 72.1621 3.69732 7.48147 0.165248 1.282 1.35858 2.13538
574264 8 41 73.2078 72.5308 3.50188 7.42822 0.143831 1.37397 1.56746 2.35043
574264 8 42 72.3384 71.6423 3.60273 7.0972 0.140396 1.33168 1.83182 2.00003
574264 8 43 74.331 73.5339 3.55685 7.3878 0.143361 1.27755 0.837606 2.19418
574264 8 44 72.4146 71.8329 3.63 7.36308 0.144128 1.38721 1.44794 2.07154
574264 8 45 74.0659 73.4774 3.76014 6.972 0.158358 1.08589 1.68116 2.04453
574264 8 46 72.2992 71.7475 3.71113 7.11442 0.16734 1.16042 1.73305 2.04735
574264 8 47 72.8173 72.0372 3.66442 7.23778 0.162253 1.27607 1.56544 2.24694
574264 8 48 72.687 72.0443 3.63067 7.06918 0.144234 1.62887 1.89217 2.20293
574264 8 49 74.6932 74.0055 3.48609 7.62992 0.120495 1.27026 1.70647 2.21634
574264 8 50 72.6733 72.0945 3.46372 7.9227 0.106818 1.34113 1.1053 2.42817
574264 8 51 73.1671 72.3935 3.48466 7.42164 0.136706 1.3206 1.75488 2.09015
574264 8 52 73.6621 73.1024 3.50331 7.28135 0.144469 1.2672 1.41193 1.71472
574264 8 53 73.1776 72.5834 3.59818 7.57911 0.136169 1.25955 1.58336 2.26897
574264 8 54 74.3657 73.6836 3.5778 7.55549 0.139058 1.26666 1.92342 2.18404
574264 8 55 72.9287 72.1289 3.64721 7.47376 0.142545 1.52489 1.65199 2.11549
574264 8 56 74.5093 74.0064 3.43094 7.95078 0.107425 1.43806 1.38228 2.01467
574264 8 57 72.9551 72.291 3.52844 7.85868 0.119913 1.30486 1.77468 2.27884
574264 8 58 74.9564 74.4092 3.54198 7.64391 0.123769 1.04459 1.63945 2.13038
574264 8 59 75.7508 75.0115 3.418 7.74842 0.119379 1.59529 1.0762 2.37266
574264 8 60 73.6265 72.9828 3.52276 7.69374 0.128406 0.99927 1.43578 2.14838
574264 8 61 74.4252 73.6517 3.58413 7.64473 0.126703 1.55242 1.54931 2.00665
574264 8 62 74.0213 73.5785 3.55303 7.59568 0.130871 1.50535 1.92313 2.24634
574264 8 63 74.0172 73.365 3.56754 7.67971 0.123846 1.26823 1.52099 2.284
574264 8 64 74.4738 73.8743 3.43337 7.72002 0.122093 1.59686 1.51043 2.10136
574359 1 1 80.5865 79.7682 3.68392 7.32285 0.156926 1.23831 2.44947 2.29668
574359 1 2 80.3673 79.2851 3.76677 7.14503 0.174013 1.24988 1.48498 2.40005
574359 1 3 80.5902 79.7542 3.72375 7.14719 0.169188 0.871422 1.30007 2.53932
574359 1 4 80.8314 79.9464 3.69592 7.20953 0.159458 1.01458 2.4296 2.53865
574359 1 5 80.6875 79.6797 3.81616 7.03243 0.164719 1.31241 1.63497 2.5656
574359 1 6 81.0889 80.3083 3.86572 7.10973 0.146894 1.44706 2.77169 2.5107
574359 1 7 80.6031 79.436 3.90348 7.04893 0.175226 1.37613 1.57989 2.25151
574359 1 8 81.0542 80.0854 3.87001 7.18603 0.15256 1.17215 2.48167 2.43574
574359 1 9 82.1612 81.064 3.64181 7.97379 0.113581 1.19765 1.37003 2.45597
574359 1 10 83.6023 82.6063 3.60893 7.63051 0.128254 1.36334 2.53284 2.55855
574359 1 11 82.2421 81.2475 3.63006 7.74173 0.1369 0.917372 1.84624 2.59009
574359 1 12 81.8492 81.1261 3.63799 7.74154 0.122404 0.896306 1.55779 2.66615
574359 1 13 80.4955 79.4854 3.72569 7.52758 0.142336 1.16963 1.55434 2.56906
574359 1 14 82.7565 81.8814 3.72855 7.5158 0.132294 1.31206 1.83337 2.58041
574359 1 15 81.3873 80.3007 3.75117 7.54183 0.129831 1.20355 2.18075 2.42065
574359 1 16 81.5309 80.5898 3.69207 7.65989 0.122809 1.32449 2.10512 2.24678
574359 1 17 82.3741 81.3833 3.60982 7.86784 0.104113 1.3608 2.09986 2.55786
574359 1 18 82.9655 82.0387 3.66053 7.81505 0.117245 1.22008 1.6246 2.55818
574359 1 19 83.1402 82.1793 3.6448 7.80702 0.118163 1.02578 2.40663 2.56082
574359 1 20 83.1068 82.2491 3.64384 7.68984 0.124582 1.32265 1.79008 2.59673
574359 1 21 82.2809 81.2814 3.74823 7.49273 0.133336 1.70682 2.01597 2.38125
574359 1 22 82.2118 81.16 3.70235 7.45037 0.132731 1.55799 1.95489 2.34272
574359 1 23 82.2056 81.334 3.69061 7.65028 0.117717 1.0836 2.23943 2.45011
574359 1 24 83.4077 82.5216 3.60622 7.80106 0.114333 1.48491 1.66316 2.49697
574359 1 25 84.1346 83.0124 3.67902 7.85296 0.116082 1.37149 1.70489 2.45223
574359 1 26 83.332 82.4961 3.69368 7.80506 0.124598 1.5788 1.27064 2.46028
574359 1 27 83.4814 82.4147 3.66705 7.61311 0.127591 1.18024 1.44386 2.52891
574359 1 28 82.4519 81.6568 3.70633 7.65774 0.118323 1.64466 2.13087 2.45857
574359 1 29 82.6796 81.7247 3.70317 7.41079 0.130122 1.68217 2.01109 2.35673
574359 1 30 83.6711 82.7541 3.79514 7.4619 0.133768 1.12463 2.43194 2.36548
574359 1 31 81.6893 80.9393 3.70953 7.51253 0.128027 1.36866 2.15012 2.42379
574359 1 32 82.992 82.138 3.68057 7.49332 0.127645 1.1154 1.88539 2.26934
574359 1 33 76.8758 76.2611 4.63401 5.16644 0.363309 1.59982 1.56305 0.246456
574359 1 34 77.0428 76.8374 4.49195 4.98304 0.36443 1.76733 1.27955 0.370909
574359 1 35 77.6434 77.1231 4.71426 5.14197 0.372518 1.31167 1.6218 0.262789
574359 1 36 78.9774 78.5791 4.57595 4.55834 0.494809 1.87547 1.79084 0.349681
574359 1 37 78.2809 78.0825 4.66736 4.72629 0.325896 1.96085 1.70528 1.60005
574359 1 38 78.9813 78.7864 4.68128 5.57771 0.268831 1.6036 1.86291 1.30981
574359 1 39 78.748 78.7126 4.43901 4.73961 0.359045 1.3922 2.03269 1.46976
574359 1 40 79.3707 78.7671 4.35531 7.2687 0.174503 1.09903 1.68648 1.96671
574359 1 41 79.6001 78.4797 4.70703 6.39179 0.243943 1.1863 1.65609 0.800006
574359 1 42 78.8621 78.2947 4.39704 6.79826 0.1841 1.24252 1.85993 1.94174
574359 1 43 79.1373 78.3791 4.38564 7.01798 0.191184 1.21121 1.04849 2.18389
574359 1 44 81.2404 80.2972 4.39174 6.97946 0.200873 1.27859 1.53269 1.8013
574359 1 45 79.9999 79.1076 4.49812 6.8429 0.221507 1.04483 1.55801 2.23692
574359 1 46 79.238 78.6449 4.4396 6.45423 0.205355 1.38101 1.3 2.18495
574359 1 47 80.1532 79.5043 4.33569 6.82829 0.163624 1.27007 1.36948 2.32475
574359 1 48 80.6698 79.7422 4.34021 6.79097 0.214835 1.19813 2.03067 2.23707
574359 1 49 80.9046 79.9553 4.04156 7.14203 0.163425 1.31306 1.46738 2.40003
574359 1 50 80.1877 79.3035 4.03788 7.52126 0.13609 1.3997 1.63326 2.27124
574359 1 51 80.3768 79.4575 4.02229 6.99973 0.153629 1.1683 1.48597 2.36345
574359 1 52 82.5314 81.7507 4.11381 7.0365 0.172355 1.26391 2.88728 2.43181
574359 1 53 81.3871 80.2487 4.02966 6.95534 0.192428 1.21776 0.968187 2.37927
574359 1 54 80.0162 79.3545 4.07507 6.74892 0.177918 1.42083 1.83045 2.06844
574359 1 55 81.5315 80.3545 4.05146 6.83335 0.191583 1.22507 1.83994 2.02
574359 1 56 82.3459 81.6635 3.84701 7.60888 0.137595 1.48662 2.02023 2.32539
574359 1 57 82.5702 81.549 3.92057 7.15071 0.166608 1.00954 1.33712 2.16158
574359 1 58 81.2283 80.4112 3.91225 7.1872 0.163655 1.15027 2.05067 2.21959
574359 1 59 82.1189 80.9403 3.85117 7.44921 0.141725 1.62667 3.21495 2.28407
574359 1 60 80.6777 79.8685 3.85054 7.22076 0.147592 1.15967 1.21366 2.42651
574359 1 61 82.6026 81.831 3.94526 7.02298 0.179022 0.912397 1.93309 2.49211
574359 1 62 81.8416 81.1038 3.94336 6.85527 0.185329 0.861746 1.48502 2.00111
574359 1 63 82.6694 81.8498 3.89102 7.18259 0.165451 1.3573 2.93362 2.46876
574359 1 64 81.2077 80.2239 3.86914 7.27168 0.154866 1.24796 1.46588 2.02323
574359 2 1 80.968 80.0768 2.64213 7.41533 0.0947723 1.01478 1.37282 2.6817
574359 2 2 81.2228 80.2554 2.8133 7.36478 0.100947 1.33016 3.57179 2.96711
574359 2 3 82.7745 81.7878 2.49101 7.33851 0.095777 1.02289 1.35004 3.14142
574359 2 4 81.3225 80.3712 2.54167 7.24929 0.108091 1.47325 1.69372 3.12355
574359 2 5 83.0694 81.9931 2.41411 7.09714 0.0989525 1.1131 1.09875 3.21262
574359 2 6 81.9498 80.9845 2.41 7.18331 0.0938704 1.42415 1.19487 3.05712
574359 2 7 82.4387 81.3099 2.45345 7.15606 0.0956011 1.44424 1.99427 3.05533
574359 2 8 81.9781 80.8065 2.33967 7.32575 0.0931183 1.17648 1.09427 2.77636
574359 2 9 81.5833 80.3828 3.27828 7.50107 0.101587 1.27026 2.6878 2.76394
574359 2 10 83.3455 82.221 2.27754 7.61062 0.078959 1.44619 1.42911 3.09341
574359 2 11 83.2513 82.2974 2.27415 7.60159 0.077674 1.31715 1.69093 3.09736
574359 2 12 82.5834 81.6298 2.27673 7.60506 0.083454 1.32125 1.55931 3.06602
574359 2 13 84.4411 83.3516 2.23734 7.3213 0.084888 1.16329 1.68817 3.11393
574359 2 14 83.9368 82.9242 2.25746 7.35837 0.0734915 1.40429 2.83496 3.04178
574359 2 15 82.2777 81.111 2.21226 7.30993 0.0891317 1.33696 1.16942 3.01643
574359 2 16 82.3672 81.3761 2.28316 7.36534 0.086107 1.2662 2.45295 2.92859
574359 2 17 83.8432 82.8795 2.22317 7.83404 0.0749053 1.51644 1.18202 3.05275
574359 2 18 82.3998 81.4628 2.33966 7.73313 0.079982 1.37424 1.45348 3.08439
574359 2 19 84.4421 83.348 2.34593 7.71579 0.0754934 1.28441 3.41822 3.15357
574359 2 20 83.5432 82.4228 2.35929 7.70969 0.0779443 1.01702 2.00539 3.13474
574359 2 21 84.2 83.1296 2.25785 7.56342 0.0853022 1.34759 2.51957 3.04639
574359 2 22 83.5545 82.2995 2.27525 7.49991 0.0788906 1.10458 1.92955 3.16252
574359 2 23 83.6713 82.6678 2.21649 7.42888 0.0766274 1.58407 2.13021 3.07372
574359 2 24 84.3591 83.3076 2.15215 7.525 0.0769475 1.21428 2.01608 3.06442
574359 2 25 83.5154 82.4541 2.32911 7.84133 0.0704416 1.49267 0.938108 3.06835
574359 2 26 84.3835 83.3847 2.45134 8.0697 0.0684926 1.11416 1.95332 3.1156
574359 2 27 83.399 82.498 2.47774 8.28648 0.071201 1.41649 2.6338 3.02856
574359 2 28 83.8797 82.9587 2.46214 8.12223 0.0701892 1.40854 1.59102 3.06447
574359 2 29 84.8497 83.9025 2.51273 7.93568 0.0751215 1.24716 1.65836 2.95688
574359 2 30 83.7983 82.8377 2.47855 8.02289 0.0750821 1.20525 1.9818 2.85949
574359 2 31 83.183 82.2619 2.41101 7.84737 0.0739867 1.73053 2.21261 3.00741
574359 2 32 83.8747 82.9813 2.34521 7.72721 0.0749868 1.23313 1.92576 2.90047
574359 2 33 79.0057 78.2098 2.79093 6.71517 0.127218 2.13069 0.449758 0.484169
574359 2 34 76.5944 75.8166 2.89315 6.83114 0.130155 2.21994 1.60558 0.428814
574359 2 35 77.7573 76.937 2.65864 6.80225 0.122976 2.36694 1.16509 0.487097
574359 2 36 78.89 78.1006 2.57612 6.68954 0.120667 2.14646 1.03865 0.454798
574359 2 37 77.9159 77.0476 2.50356 6.75667 0.115534 1.48879 1.5765 1.1418
574359 2 38 79.2056 78.415 2.71874 6.90994 0.120786 1.15193 1.19695 1.96048
574359 2 39 80.3243 79.4505 2.41095 6.75876 0.117328 0.996074 0.834744 1.9193
574359 2 40 77.2684 76.6128 3.29197 7.36825 0.123368 1.02698 1.23287 2.82995
574359 2 41 79.5038 78.4884 2.84263 6.98545 0.120928 1.42089 1.76414 1.97065
574359 2 42 79.8336 79.1131 3.09619 7.2857 0.11444 1.09585 0.979475 2.79349
574359 2 43 78.8215 77.8747 3.31812 7.21424 0.112151 1.66509 1.37789 2.44144
574359 2 44 78.2803 77.5151 3.25318 7.24054 0.120409 1.18796 1.8946 2.86803
574359 2 45 79.327 78.338 3.11483 6.98049 0.117983 1.02555 1.03077 3.03733
574359 2 46 79.6055 78.7588 3.2266 7.03987 0.131793 1.10563 1.46578 2.95061
574359 2 47 80.5236 79.2447 3.36146 7.07059 0.135199 1.20061 1.56942 2.93031
574359 2 48 78.5507 77.7461 3.32057 6.97676 0.13894 0.955402 1.8034 2.93295
574359 2 49 80.8888 79.8804 3.00118 7.50196 0.106741 1.12729 1.52076 3.07418
574359 2 50 78.7649 77.8772 3.00153 7.67471 0.0978258 1.4368 1.21871 2.89644
574359 2 51 79.2405 78.3788 3.02593 7.41519 0.110807 0.979183 1.57702 3.16212
574359 2 52 80.9498 80.1863 2.9704 7.67611 0.100759 0.97996 1.26228 3.055
574359 2 53 80.7537 79.7915 3.05745 7.3531 0.112224 1.07303 1.56067 3.14593
574359 2 54 80.1462 79.2732 3.07216 7.37395 0.123607 0.956201 1.49985 3.04191
574359 2 55 79.2156 78.412 2.98665 7.44896 0.109479 1.23451 1.12918 3.14783
574359 2 56 80.2286 79.3359 2.75917 7.55715 0.106185 1.0785 1.07671 2.79489
574359 2 57 79.6194 78.7108 3.07889 7.50725 0.116133 1.32333 1.39952 2.70296
574359 2 58 80.4095 79.614 2.62811 7.3353 0.101534 1.0579 1.93232 3.12808
574359 2 59 81.2708 80.3535 2.7543 7.34371 0.104692 1.04471 0.702324 2.9441
574359 2 60 80.7011 79.9484 2.70918 7.30844 0.114859 1.19548 1.27826 3.15047
574359 2 61 81.5341 80.6746 2.55553 7.24612 0.105196 0.972216 1.20457 3.10436
574359 2 62 80.5619 79.8505 2.62777 7.15659 0.108677 1.31065 1.16961 3.09082
574359 2 63 81.3045 80.4806 2.68064 7.09038 0.10084 1.18511 1.27236 3.04966
574359 2 64 81.2436 80.2825 2.75405 7.27031 0.10482 1.53673 1.31211 2.7486
574359 3 1 78.6325 77.763 1.77934 5.90514 0.132942 1.05021 0.67448 2.42156
574359 3 2 79.7457 78.8453 1.81974 5.84321 0.148814 1.17705 0.799885 2.40566
574359 3 3 80.3835 79.5484 1.80858 5.85168 0.137384 1.26902 4.8699 2.39606
574359 3 4 80.0032 79.1392 1.82407 5.72855 0.140311 1.74236 0.653957 2.36715
574359 3 5 81.0498 80.2126 1.86372 5.77162 0.14596 0.956671 0.720328 2.41949
574359 3 6 80.8603 79.753 1.81807 5.80765 0.134171 1.48648 1.20741 2.41963
574359 3 7 79.6573 78.7655 1.79307 5.84476 0.147911 1.16745 1.39612 2.44325
574359 3 8 80.8545 79.7966 1.81228 5.88995 0.146711 1.39524 0.856458 2.39555
574359 3 9 80.9042 80.0083 1.70889 6.06845 0.129464 1.34333 0.810401 2.37008
574359 3 10 82.1787 81.2165 1.72472 5.94952 0.123139 1.69775 0.459906 2.37188
574359 3 11 81.1539 80.1246 1.75463 5.98939 0.125013 1.3273 0.991277 2.35876
574359 3 12 80.6716 79.7947 1.74183 6.01065 0.116429 1.26329 0.994067 2.45642
574359 3 13 80.8743 79.8447 1.7376 5.99392 0.125871 1.63104 1.13541 2.41739
574359 3 14 81.9639 80.8812 1.79885 5.96734 0.124978 1.95811 1.73357 2.32476
574359 3 15 82.1827 81.0791 1.69113 6.00965 0.134399 0.938201 1.11805 2.49056
574359 3 16 81.9317 80.8232 1.77422 5.94026 0.137652 1.31388 0.758623 2.4359
574359 3 17 82.2311 81.1388 1.59513 6.34462 0.106802 0.988066 0.700247 2.42529
574359 3 18 82.6985 81.6455 1.64138 6.24683 0.107027 1.00758 1.04685 2.39821
574359 3 19 81.4499 80.4267 1.6188 6.25159 0.105105 1.75015 1.47013 2.26234
574359 3 20 81.0884 79.9317 1.63193 6.2528 0.116294 1.22362 1.41824 2.37946
574359 3 21 81.0347 80.1648 1.69427 6.10922 0.119549 1.32206 1.23721 2.47985
574359 3 22 83.8069 82.5997 1.66962 6.14427 0.10972 1.62992 2.0859 2.38226
574359 3 23 81.9818 80.921 1.6602 6.20032 0.118605 1.31368 1.21739 2.43115
574359 3 24 82.6652 81.4711 1.62518 6.24597 0.113935 1.10283 0.952315 2.40787
574359 3 25 82.5356 81.5539 1.63824 6.3829 0.102276 1.54941 1.92716 2.38502
574359 3 26 82.7363 81.6294 1.67005 6.29434 0.114225 1.07056 1.19273 2.46511
574359 3 27 81.2329 80.3569 1.69181 6.32197 0.114784 1.45425 2.78546 2.32971
574359 3 28 84.18 83.2418 1.66071 6.32323 0.115973 1.90433 1.56016 2.33977
574359 3 29 83.6996 82.7447 1.68984 6.28278 0.107591 1.50795 2.59832 2.30128
574359 3 30 84.2951 83.2836 1.67359 6.19943 0.107652 1.47848 1.4382 2.37513
574359 3 31 83.2475 82.3262 1.71792 6.26368 0.106003 1.12283 0.997548 2.39276
574359 3 32 82.9121 81.9805 1.65681 6.39018 0.103815 1.67879 1.75543 2.32884
574359 3 33 79.5102 78.8868 1.82903 6.06434 0.127986 2.3523 0.74939 0.248078
574359 3 34 79.2618 78.6103 1.81887 6.16345 0.124657 2.72782 1.15534 0.259896
574359 3 35 78.4878 77.8326 1.84954 6.13898 0.124699 2.96488 1.31904 0.277965
574359 3 36 79.9622 79.339 1.83006 6.14786 0.126981 3.21088 0.947871 0.273
574359 3 37 78.1222 77.4644 1.8908 6.20747 0.130661 2.12682 0.744035 1.33682
574359 3 38 79.063 78.3694 1.91944 6.15102 0.127754 2.29692 1.3917 1.43015
574359 3 39 78.8314 78.0862 1.91003 6.14779 0.127426 2.35431 1.0065 1.40906
574359 3 40 81.3427 80.5671 1.77362 6.2529 0.122134 1.47773 2.09104 2.18768
574359 3 41 80.5807 79.7237 1.87085 6.24926 0.127508 2.61799 0.946091 1.42757
574359 3 42 80.0061 79.2671 1.80085 6.20185 0.122889 1.76151 1.17567 2.13166
574359 3 43 82.2855 81.4098 1.82352 6.20441 0.126817 1.75554 1.05207 2.16073
574359 3 44 80.3724 79.5523 1.82289 6.16995 0.126073 1.5219 1.01407 2.19315
574359 3 45 80.0998 79.3478 1.85869 6.12796 0.129034 1.38519 1.39127 2.36106
574359 3 46 80.983 80.1722 1.88476 6.12965 0.129687 1.31586 1.78299 2.35207
574359 3 47 80.6483 79.7919 1.84153 6.18147 0.134427 1.50313 1.08923 2.48865
574359 3 48 80.1605 79.3298 1.90932 6.10242 0.136831 1.2508 0.961907 2.41192
574359 3 49 80.0193 79.2749 1.79653 6.13146 0.118031 1.22235 0.985607 2.49716
574359 3 50 79.8609 78.987 1.74272 6.11672 0.1198 1.33854 0.882813 2.38542
574359 3 51 82.199 81.3948 1.79115 6.081 0.120423 1.18606 1.07733 2.47925
574359 3 52 80.8135 79.9876 1.81738 6.06482 0.125527 1.14324 1.08676 2.36731
574359 3 53 80.6527 79.7734 1.81791 6.06397 0.1329 1.22262 1.07238 2.44517
574359 3 54 81.2781 80.4936 1.82146 6.04763 0.133722 1.70947 0.785292 2.42451
574359 3 55 81.1384 80.2817 1.81294 6.01049 0.128354 1.50048 2.97336 2.39021
574359 3 56 80.9283 80.1359 1.83399 5.92737 0.137104 1.24085 1.06446 2.42944
574359 3 57 80.7216 79.8968 1.78949 6.00933 0.125093 1.25038 2.86413 2.37517
574359 3 58 80.7981 79.9066 1.85474 5.92277 0.139723 1.28924 1.56776 2.4099
574359 3 59 82.0613 81.2155 1.8516 5.91521 0.142112 1.41022 2.84095 2.49455
574359 3 60 80.9928 80.2051 1.85714 5.91737 0.136076 1.77153 0.782663 2.5064
574359 3 61 81.7782 80.8002 1.91968 5.86868 0.177023 1.80392 1.62397 2.35113
574359 3 62 81.292 80.4661 1.92118 5.81676 0.158036 1.35374 1.36344 2.42917
574359 3 63 82.5283 81.7757 1.93081 5.80444 0.143629 1.28913 0.996826 2.50242
574359 3 64 82.4631 81.633 1.85974 5.86799 0.145762 1.57275 33.6616 2.23109
574359 4 1 74.894 74.2938 2.61783 6.7119 0.131155 1.64242 1.17718 2.15634
574359 4 2 75.0327 74.1782 2.65678 6.53239 0.143339 1.18887 0.891441 2.42962
574359 4 3 75.2036 74.3788 2.63806 6.69146 0.132742 1.59463 1.36069 2.40043
574359 4 4 76.4235 75.5953 2.62712 6.59481 0.133487 1.3491 1.28454 2.6489
574359 4 5 77.0304 76.2395 2.75341 6.51177 0.150545 1.16406 0.945717 2.70411
574359 4 6 75.7378 74.7723 2.73711 6.53191 0.139004 1.33005 1.27525 2.39979
574359 4 7 76.7733 76.0319 2.72343 6.48932 0.145736 1.1918 0.738428 2.53111
574359 4 8 75.198 74.1976 2.68225 6.67043 0.146166 1.09674 0.903859 2.24354
574359 4 9 76.0727 75.2764 2.71451 6.90915 0.134278 1.53591 1.78514 2.58259
574359 4 10 76.9307 76.1447 2.71587 6.70671 0.123463 1.26618 1.09479 2.70597
574359 4 11 76.3108 75.4918 2.65656 6.75202 0.134624 1.4129 1.23449 2.41875
574359 4 12 76.4406 75.5289 2.69638 6.71797 0.147483 1.33544 2.37613 2.58615
574359 4 13 76.668 75.769 2.77611 6.51588 0.154642 1.1929 1.40393 2.62364
574359 4 14 76.4007 75.428 2.67845 6.72551 0.141425 1.46178 0.976604 2.57938
574359 4 15 77.2623 76.3418 2.83127 6.39309 0.150092 1.33275 1.66987 2.73384
574359 4 16 77.3437 76.5632 2.78474 6.67628 0.13872 1.18938 1.62982 2.70018
574359 4 17 78.3551 77.7394 2.54164 7.16377 0.101191 1.12189 1.49369 2.85668
574359 4 18 78.2299 77.3068 2.5345 6.6793 0.129181 1.94711 1.56179 0.394548
574359 4 19 78.2415 77.4444 2.52291 7.11184 0.110596 1.7581 1.06824 1.15781
574359 4 20 77.5514 76.7314 2.5381 7.07089 0.111946 1.51481 0.763925 2.64818
574359 4 21 77.5397 76.808 2.60088 6.86982 0.133135 1.28219 1.19506 2.67767
574359 4 22 78.9054 77.9794 2.51594 6.97187 0.115924 1.27612 1.23369 2.48191
574359 4 23 77.7796 77.0886 2.66089 6.90087 0.119858 1.41166 1.43132 2.71137
574359 4 24 78.9416 78.0777 2.6034 7.03458 0.129466 1.03962 0.757922 2.80485
574359 4 25 77.6739 76.9706 2.47458 7.1386 0.104131 1.21133 0.78466 2.69076
574359 4 26 77.5484 76.8686 2.48096 6.94644 0.113592 1.15392 1.59016 2.74231
574359 4 27 77.5701 76.9089 2.49758 7.00688 0.114672 1.23464 0.99094 2.44697
574359 4 28 77.2903 76.5506 2.53324 7.00786 0.114306 1.29807 0.909321 2.44964
574359 4 29 78.0532 77.3255 2.56524 6.77791 0.130559 1.46366 0.95937 2.69876
574359 4 30 79.2085 78.4523 2.56322 6.82454 0.128607 1.40784 0.92466 2.52987
574359 4 31 78.7235 78.1553 2.58174 6.82748 0.128615 0.886073 1.56277 2.76194
574359 4 32 79.3195 78.531 2.56806 7.02446 0.118304 1.28622 2.1399 2.71795
574359 4 33 72.1884 71.7956 3.08887 5.10715 0.269109 2.55856 1.24637 0.552969
574359 4 34 73.201 72.7061 3.16232 5.38165 0.240811 1.35886 2.03617 0.547678
574359 4 35 73.4543 72.9794 3.15148 5.11441 0.280015 1.24925 1.16059 0.481014
574359 4 36 73.7927 73.2878 3.0624 4.99285 0.286465 1.4721 1.1299 0.478654
574359 4 37 74.1523 73.6503 3.07718 5.76738 0.233152 1.49146 1.58917 1.7656
574359 4 38 74.8222 74.3382 3.18778 5.6322 0.232927 1.30372 1.15599 1.73413
574359 4 39 77.0629 76.2717 3.06468 5.93905 0.244854 1.54142 2.28271 1.52064
574359 4 40 75.061 74.1844 3.03811 6.64631 0.176108 1.52906 1.13017 1.66366
574359 4 41 74.6041 74.0902 3.12521 5.8222 0.174312 1.86297 1.19977 1.74306
574359 4 42 76.3846 75.7001 3.02629 6.45029 0.177214 0.926934 1.45698 2.24868
574359 4 43 75.1287 74.2562 2.98309 6.26397 0.194413 1.26889 1.1465 2.30092
574359 4 44 76.1885 75.3839 2.99758 6.29185 0.192951 1.16729 0.88797 1.85088
574359 4 45 75.5517 75.0786 3.09047 6.20398 0.170139 1.85538 1.50888 2.59166
574359 4 46 76.5542 75.7526 3.11139 6.3217 0.18468 1.62709 1.26641 2.216
574359 4 47 76.2994 75.3937 3.06651 6.56469 0.169604 0.929578 1.17623 2.49852
574359 4 48 76.4664 75.5491 3.05348 6.27723 0.201575 1.14336 0.788554 2.28857
574359 4 49 77.4364 76.7313 2.82834 6.63483 0.143027 1.77335 0.735211 2.50691
574359 4 50 77.3155 76.4592 2.83866 6.78064 0.135028 1.35371 1.52198 2.47521
574359 4 51 77.7037 77.0765 2.87786 6.50888 0.149628 1.35158 1.43677 2.61367
574359 4 52 77.215 76.3725 2.89185 6.61745 0.151774 1.23429 1.43358 2.43197
574359 4 53 76.4838 75.8551 2.98065 6.44117 0.160539 1.63779 1.26771 2.60956
574359 4 54 77.0627 76.3039 2.96403 6.47366 0.174 1.43939 2.06435 2.53509
574359 4 55 75.7752 75.1355 2.95122 6.63708 0.149718 1.56746 1.19729 2.52416
574359 4 56 76.9151 76.0274 2.77961 6.81693 0.138137 2.1095 1.15784 1.72539
574359 4 57 77.6953 76.9673 2.91418 6.62469 0.14664 1.15989 1.85579 2.3732
574359 4 58 75.6922 74.8731 2.77878 6.71938 0.146856 1.1922 1.77713 2.47807
574359 4 59 77.2784 76.5306 2.75582 6.6036 0.141056 1.42225 1.38083 2.37162
574359 4 60 76.7041 75.9816 2.86069 6.39617 0.154569 1.55992 0.790639 2.22545
574359 4 61 77.3027 76.6452 2.80951 6.60203 0.151987 0.996728 1.45854 2.24971
574359 4 62 77.7956 77.146 2.85928 6.37563 0.173559 1.10002 1.68859 2.65163
574359 4 63 78.0215 77.3576 2.82968 6.30407 0.146717 1.44468 0.707375 2.63002
574359 4 64 77.8632 77.017 2.83132 6.67815 0.150083 1.3634 1.17895 2.33284
574359 5 1 75.9206 75.3137 2.68467 7.69922 0.094327 1.6364 1.15249 2.55843
574359 5 2 76.8988 75.9686 2.73648 7.43956 0.108371 1.41475 0.612307 2.67079
574359 5 3 76.438 75.7744 2.67076 7.82725 0.0857733 1.5376 1.70104 2.67568
574359 5 4 77.0603 76.2243 2.73657 7.69753 0.0944249 1.43784 1.66645 2.52771
574359 5 5 78.1725 77.3854 2.75478 7.58261 0.105085 1.1826 0.929648 2.83808
574359 5 6 78.6046 77.6242 2.73752 7.71895 0.0935827 1.6718 1.51634 2.07927
574359 5 7 77.7398 77.0175 2.75344 7.69587 0.092926 1.54106 1.12581 2.55948
574359 5 8 78.4344 77.623 2.76357 7.8078 0.0932768 1.33089 2.7857 2.6783
574359 5 9 76.8627 76.068 2.5634 8.14051 0.0755107 1.38307 1.86571 2.7312
574359 5 10 79.6025 78.6912 2.61447 7.84065 0.0877361 1.1992 1.41886 2.73195
574359 5 11 77.9935 77.2606 2.61918 7.74012 0.0886354 1.49408 1.71157 2.63214
574359 5 12 80.1853 79.1476 2.61128 7.65706 0.0965817 1.40285 0.833733 2.68697
574359 5 13 79.1566 78.5739 2.68065 7.71301 0.0902695 1.33146 1.69276 2.81132
574359 5 14 80.005 78.9302 2.64861 7.65677 0.090992 1.42491 1.13116 2.06557
574359 5 15 79.6682 79.0768 2.6283 7.75197 0.0883255 1.06462 0.828427 2.80081
574359 5 16 79.2591 78.2638 2.6673 7.95217 0.082213 1.12265 1.05529 2.48043
574359 5 17 79.0298 78.2833 2.49593 7.99531 0.0781494 1.73842 1.2884 2.76741
574359 5 18 80.6003 79.635 2.55003 7.47823 0.102596 1.2621 1.34426 2.86381
574359 5 19 79.4967 78.772 2.54786 7.96345 0.0783261 1.53554 1.26526 2.69235
574359 5 20 79.8281 78.8955 2.58674 7.59245 0.0953703 1.58901 1.29021 2.68738
574359 5 21 79.5016 78.7983 2.71124 7.39693 0.10617 1.39599 1.07231 2.08567
574359 5 22 80.7363 79.8366 2.70666 7.64998 0.0903195 1.33684 0.806576 2.52717
574359 5 23 78.2074 77.4843 2.68677 7.58986 0.0917892 1.12993 0.931762 2.75178
574359 5 24 81.7681 80.8558 2.53647 7.86335 0.0876797 1.69962 1.13507 2.35678
574359 5 25 78.9851 78.1697 2.51925 8.33832 0.0667208 1.53292 1.35558 1.67436
574359 5 26 79.1691 78.4153 2.54163 8.02466 0.078242 1.60853 1.01308 1.95765
574359 5 27 80.1387 79.3565 2.52186 8.01601 0.0753624 1.55498 0.692696 1.68251
574359 5 28 80.7661 80.0176 2.55762 8.00109 0.0775087 2.00512 1.10105 1.88197
574359 5 29 79.9393 79.1985 2.74425 7.63072 0.0879761 2.52385 1.03353 0.808994
574359 5 30 81.3067 80.5003 2.78886 7.7659 0.0922876 1.87622 2.6075 0.747837
574359 5 31 80.7019 80.014 2.65164 7.81549 0.0907075 1.31693 0.729641 1.1354
574359 5 32 80.1966 79.5015 2.53962 8.07781 0.0761627 1.73404 1.47829 1.19851
574359 5 33 78.9734 78.3462 3.06154 6.7882 0.14489 2.06055 1.32198 0.355047
574359 5 34 79.3394 78.5783 3.05603 7.09438 0.127174 2.09308 1.61392 0.341273
574359 5 35 80.3706 79.6169 3.12304 6.80078 0.150524 2.02412 1.56091 0.296719
574359 5 36 80.5052 79.7039 3.07488 6.858 0.141226 2.40266 1.59355 0.344953
574359 5 37 78.756 78.2542 3.1612 7.10934 0.135479 2.06194 1.50608 1.68372
574359 5 38 82.644 81.833 3.13156 7.19717 0.134017 1.97003 1.48514 1.7616
574359 5 39 80.9359 80.2847 3.15673 7.13843 0.131743 1.48909 1.53233 1.56574
574359 5 40 81.4059 80.6474 3.00903 7.7705 0.10563 1.47322 2.65658 2.64647
574359 5 41 82.5949 81.8688 3.10763 7.54923 0.110231 1.41212 1.96387 1.71835
574359 5 42 81.8532 81.1521 2.94429 7.48462 0.116416 1.30937 1.65283 2.42267
574359 5 43 81.8666 81.0644 3.00145 7.48041 0.116713 1.21846 1.58662 2.49371
574359 5 44 82.568 81.7934 2.98288 7.37939 0.121006 1.28038 2.18549 2.58837
574359 5 45 81.1632 80.3978 2.99032 7.32341 0.117858 1.45131 1.23553 2.11006
574359 5 46 81.1141 80.3223 3.00168 7.26093 0.117491 0.820486 1.72541 2.66038
574359 5 47 80.6845 79.9429 2.97863 7.50142 0.104851 1.13214 1.5806 2.68306
574359 5 48 80.5689 79.7357 3.0249 7.25253 0.121527 1.15639 1.86731 2.70234
574359 5 49 81.8945 81.0981 3.0325 7.37987 0.107205 1.65799 1.60498 2.50309
574359 5 50 81.8159 80.8816 2.89017 7.39009 0.11825 1.22025 1.64446 2.70434
574359 5 51 80.638 79.9114 2.87811 7.40954 0.111637 1.00596 1.45006 2.82267
574359 5 52 83.3266 82.4616 2.90819 7.53995 0.107553 1.34175 2.96412 2.57683
574359 5 53 82.7781 82.0493 2.9125 7.15028 0.116022 1.25025 2.46352 2.26313
574359 5 54 82.7376 81.9105 2.93532 7.21795 0.126973 1.66188 1.53326 2.53697
574359 5 55 83.0624 82.3268 2.85733 7.31846 0.11282 1.25171 2.842 2.7573
574359 5 56 82.5741 81.8036 2.91108 7.81099 0.0975162 1.28922 2.11981 2.50106
574359 5 57 83.2517 82.5508 2.89047 7.40133 0.11371 1.22349 2.35238 2.45037
574359 5 58 83.4412 82.5806 2.81521 7.7746 0.0948609 1.31579 2.2992 2.30276
574359 5 59 81.4221 80.6371 2.85982 7.37492 0.116959 1.17047 2.11654 2.66457
574359 5 60 82.9972 82.2565 2.85656 7.67508 0.105842 1.11945 2.81392 2.88165
574359 5 61 82.9368 82.2895 2.87058 7.61517 0.0990637 1.01096 1.47468 2.67856
574359 5 62 83.7414 82.9164 2.91717 7.43717 0.102659 1.22374 2.17249 2.6767
574359 5 63 81.7885 81.1173 2.98792 7.432 0.106442 1.72577 1.97423 2.65666
574359 5 64 82.0884 81.3469 2.94613 7.49411 0.103495 1.26962 1.5071 2.64959
574359 6 1 80.5214 80.0312 3.83662 8.5062 0.0833155 1.30108 1.97044 2.67753
574359 6 2 80.2788 79.5108 3.78819 8.35279 0.0908579 1.36086 2.04391 3.00199
574359 6 3 79.6563 78.8211 3.74274 8.38467 0.0950196 1.21552 2.43363 3.00852
574359 6 4 81.4663 80.6449 3.79997 8.31382 0.0969109 1.28964 1.12549 2.86628
574359 6 5 82.8577 81.9618 3.85515 8.05085 0.112104 1.20665 2.61078 2.98884
574359 6 6 82.9269 81.9255 3.79863 8.09289 0.11159 1.73377 1.80416 2.94798
574359 6 7 82.9471 82.0608 3.868 8.13309 0.10393 1.26937 1.83245 2.78856
574359 6 8 82.0592 81.1282 3.86783 8.34615 0.10175 1.13731 2.7699 2.79766
574359 6 9 82.1663 81.2678 3.64983 8.51805 0.0881084 1.07776 1.94959 2.68163
574359 6 10 82.3829 81.3946 3.59445 8.29776 0.094369 1.11058 2.30613 2.95131
574359 6 11 82.2315 81.4608 3.57819 8.1895 0.0903057 1.1898 1.71076 3.03406
574359 6 12 83.0161 81.9657 3.51657 8.19437 0.101945 1.00639 1.70352 2.62585
574359 6 13 82.5036 81.7163 3.46537 7.86339 0.101884 1.04371 1.52532 2.81701
574359 6 14 82.7583 81.8339 3.47865 8.00794 0.104747 1.21412 1.55495 3.01542
574359 6 15 82.5756 81.7429 3.68136 7.93728 0.106354 1.11316 2.46147 2.92728
574359 6 16 81.2718 80.3438 3.5429 8.16227 0.0862721 0.994053 1.95501 2.80801
574359 6 17 82.9902 82.1615 3.53398 8.22465 0.0913288 1.23208 1.70576 2.93519
574359 6 18 83.5178 82.6168 3.81307 7.79491 0.105983 1.07363 2.67762 2.92609
574359 6 19 85.2038 84.186 3.73601 7.34921 0.121028 2.68943 2.3851 0.404989
574359 6 20 83.7492 83.0231 3.73594 7.88654 0.102114 1.16191 2.09557 2.97236
574359 6 21 83.5734 82.7568 3.68078 7.65512 0.116598 0.908389 1.93835 3.01255
574359 6 22 85.0758 84.1416 3.67837 7.84803 0.111495 1.22188 2.40286 2.92915
574359 6 23 83.5953 82.77 3.68238 7.66706 0.108392 1.18179 1.77226 2.9705
574359 6 24 83.2016 82.4577 3.50131 8.04642 0.0931983 1.10669 2.28121 2.98267
574359 6 25 83.22 82.379 3.67744 8.23316 0.0935704 1.27484 1.72633 2.9395
574359 6 26 83.6843 82.8639 3.81127 8.0556 0.10153 1.02885 2.773 3.03379
574359 6 27 83.0483 82.3935 3.8893 8.11764 0.0998905 1.1972 2.27405 2.95389
574359 6 28 83.2594 82.4769 3.82313 7.98162 0.111764 1.35255 2.12207 1.97907
574359 6 29 84.6197 83.8734 3.91311 7.79628 0.109506 1.15994 3.02912 2.89323
574359 6 30 83.6894 83.0538 3.9121 7.90138 0.103427 1.19636 2.89586 2.80828
574359 6 31 83.2771 82.5972 3.82853 7.82903 0.108653 1.57071 2.53272 2.35664
574359 6 32 84.1616 83.5991 3.74132 8.04683 0.100455 1.03452 1.64981 2.79418
574359 6 33 77.2816 76.8223 4.32279 6.32939 0.195549 1.89841 1.55869 0.35178
574359 6 34 76.8007 76.3379 4.17168 6.14999 0.179699 2.22784 1.45696 0.396678
574359 6 35 77.1833 76.6022 4.38805 6.32958 0.193988 1.47577 1.41248 0.345618
574359 6 36 78.8004 78.1345 4.49531 6.43464 0.197958 2.8275 1.95219 0.279697
574359 6 37 78.5913 78.0216 4.35887 6.98415 0.166071 1.30554 1.56412 1.64333
574359 6 38 77.7729 77.121 4.309 7.06895 0.158389 1.57384 1.15501 1.52866
574359 6 39 79.9087 79.1701 4.40388 7.04096 0.162541 1.04827 1.79939 1.44405
574359 6 40 79.5964 78.8402 3.74643 7.54238 0.118803 1.19913 1.83338 2.53007
574359 6 41 79.6657 78.9822 4.11159 7.02455 0.138202 1.25112 1.47209 1.5697
574359 6 42 80.6264 80.0315 4.00636 7.6096 0.11743 1.29227 1.13281 2.65178
574359 6 43 80.2546 79.4509 3.8915 7.48859 0.123561 1.44515 1.43952 2.71352
574359 6 44 77.9648 77.1871 3.9415 7.05857 0.132532 2.25278 3.01248 1.23465
574359 6 45 80.7531 80.1214 3.87488 7.22994 0.136132 0.96072 1.38336 2.87686
574359 6 46 79.1795 78.4462 3.75793 7.13279 0.137771 1.28429 2.73792 2.94107
574359 6 47 80.4029 79.5241 3.52757 7.28922 0.11346 1.23216 3.90196 2.98026
574359 6 48 79.532 78.7539 3.6213 7.17524 0.129157 1.04257 1.68092 2.82942
574359 6 49 78.5376 77.8045 3.58587 7.51304 0.11027 1.25388 2.02341 3.04063
574359 6 50 80.6961 79.9177 3.59778 7.74662 0.0960729 0.986914 2.04531 2.74367
574359 6 51 79.4973 78.7489 3.60045 7.47336 0.135031 1.38462 2.62883 3.06143
574359 6 52 81.2266 80.3428 3.47167 7.26341 0.115464 0.957981 2.2317 2.91685
574359 6 53 80.6288 79.7054 3.42692 7.03932 0.132129 1.28289 1.40089 2.74293
574359 6 54 81.6997 81.0725 3.40458 6.972 0.118532 0.878119 1.78747 2.91545
574359 6 55 79.9811 79.2523 3.14407 6.98641 0.117839 1.18334 1.82325 2.91922
574359 6 56 81.2139 80.4886 4.36518 8.28158 0.10751 1.16073 0.988638 2.83007
574359 6 57 81.4145 80.5089 3.25384 7.2235 0.118102 1.20361 0.881491 2.55028
574359 6 58 81.4945 80.5761 4.21865 8.08402 0.108807 1.12684 1.82922 2.96242
574359 6 59 80.4823 79.7244 4.4372 7.93023 0.129637 1.06408 1.21682 2.91745
574359 6 60 78.5855 77.562 4.30788 7.70901 0.124144 1.47558 0.796414 1.36946
574359 6 61 80.0718 79.3004 4.21786 7.85825 0.120574 1.09243 1.45946 2.84921
574359 6 62 79.1917 78.3347 4.4102 7.7414 0.128695 0.881244 0.96222 2.96291
574359 6 63 80.3836 79.7129 4.56347 7.72063 0.123826 1.13744 1.3807 2.89882
574359 6 64 80.7248 79.8289 4.64527 7.87189 0.131658 0.856267 1.65759 2.70593
574359 7 1 77.99 77.2167 3.59627 7.79831 0.123601 1.16139 2.00139 2.54524
574359 7 2 78.9812 78.1722 3.65013 7.50273 0.148043 1.50598 1.80972 2.59783
574359 7 3 79.9457 79.2622 3.62415 7.61135 0.139562 1.31467 2.01092 2.65744
574359 7 4 79.263 78.4871 3.64145 7.66014 0.132651 1.58566 1.74779 2.42449
574359 7 5 80.0054 79.206 3.82794 7.58453 0.125994 1.30451 2.34054 2.69748
574359 7 6 79.4201 78.6692 3.79458 7.71703 0.14556 1.0761 1.79957 2.70206
574359 7 7 79.1259 78.444 3.76607 7.58725 0.129711 1.0593 2.43019 2.52804
574359 7 8 80.7885 79.9338 3.75773 7.84083 0.133424 0.907608 1.91987 2.55968
574359 7 9 81.705 80.9111 3.51204 7.65841 0.145398 1.3016 2.09134 2.63709
574359 7 10 82.0769 81.2492 3.54158 7.69123 0.127518 1.51622 2.36219 2.6892
574359 7 11 81.2047 80.4879 3.58239 7.6737 0.129625 1.70534 2.02646 2.43824
574359 7 12 80.7201 79.9392 3.60916 8.06557 0.105841 1.34385 2.71549 2.69055
574359 7 13 79.5131 78.6834 3.78343 7.6001 0.133158 1.18715 2.05286 2.60229
574359 7 14 80.2896 79.4657 3.67379 7.75774 0.125724 1.10401 1.58279 2.60447
574359 7 15 80.9688 80.1669 3.80135 7.44351 0.154886 1.01155 1.79604 2.54407
574359 7 16 81.5073 80.6101 3.83705 7.58117 0.1448 1.00303 1.54019 2.58289
574359 7 17 83.0866 82.3734 3.61162 7.9294 0.124268 1.43708 1.52405 2.95836
574359 7 18 81.6354 80.8097 3.59544 7.80115 0.126834 1.22341 1.51591 2.79467
574359 7 19 81.01 80.1556 3.66588 7.92037 0.129668 1.32919 2.63631 2.67288
574359 7 20 81.5677 80.7515 3.68736 7.86358 0.126007 1.30118 1.67182 2.64983
574359 7 21 81.742 80.9907 3.76839 7.72224 0.136288 1.42422 1.98544 2.70061
574359 7 22 81.9466 81.0814 3.71156 7.65855 0.128215 1.47011 3.71803 2.72221
574359 7 23 81.7985 81.0852 3.75798 7.60637 0.134643 1.0646 3.14609 2.93061
574359 7 24 81.165 80.3035 3.68919 7.65297 0.13174 1.33332 1.80915 2.92356
574359 7 25 80.7873 80.0035 3.35826 8.21869 0.100998 1.3365 2.6133 2.80268
574359 7 26 81.6054 81.0016 3.34151 8.10789 0.106873 1.0632 1.27687 2.36217
574359 7 27 82.3111 81.4566 3.44669 8.16935 0.111246 1.03189 2.32123 2.61636
574359 7 28 80.9788 80.4881 3.41972 8.21442 0.104229 0.804478 1.57377 2.61233
574359 7 29 81.5243 80.7984 3.66689 7.95794 0.122285 1.06246 2.01712 2.582
574359 7 30 81.8165 81.2169 3.56643 7.97268 0.133624 1.47556 2.08668 2.57857
574359 7 31 82.5021 81.7589 3.56831 7.9544 0.114817 1.1976 1.64258 2.62711
574359 7 32 82.2825 81.8074 3.49014 8.14857 0.102836 1.2551 3.03865 2.69349
574359 7 33 77.5194 76.9895 4.58364 5.77623 0.304898 0.985655 1.0297 0.253096
574359 7 34 77.1793 76.743 4.60947 6.18329 0.279751 1.337 1.54168 0.351986
574359 7 35 77.1966 77.1936 4.59738 4.40635 0.435277 1.42175 1.77493 0.705794
574359 7 36 78.0321 77.4147 4.54506 6.06458 0.273472 1.57916 1.31435 0.082184
574359 7 37 76.6895 76.3886 4.58806 6.52291 0.226931 1.51689 1.9182 1.49576
574359 7 38 78.1564 77.585 4.65599 6.72008 0.245042 1.041 1.558 1.51191
574359 7 39 78.3444 78.1848 4.52769 5.72688 0.27715 1.87813 0.978055 1.82642
574359 7 40 79.6625 79.1791 4.62624 7.52422 0.185425 1.08436 1.68162 2.59666
574359 7 41 79.8193 78.9229 4.76396 6.8305 0.252025 1.19796 2.22318 1.33347
574359 7 42 79.1985 78.4048 4.37308 7.29887 0.177617 1.07526 1.61278 2.34945
574359 7 43 80.7501 80.072 4.55278 7.29005 0.180487 1.03534 1.51989 2.38974
574359 7 44 81.2862 80.6868 4.54177 7.35073 0.176046 1.41931 1.41751 2.46954
574359 7 45 79.4543 78.8573 4.56564 7.24755 0.177733 1.05625 1.52138 2.62849
574359 7 46 79.2947 78.4971 4.54358 7.16481 0.199788 1.26602 1.66158 2.64716
574359 7 47 78.6737 77.6663 4.70278 7.34369 0.18416 1.05888 1.97233 2.70948
574359 7 48 78.8075 78.0454 4.58076 7.26836 0.190318 1.00962 1.28695 2.65801
574359 7 49 80.675 79.9769 4.24433 7.36673 0.184664 1.13734 1.16947 2.67503
574359 7 50 80.3812 79.6408 4.13142 7.67595 0.168312 1.16404 1.0299 2.73862
574359 7 51 79.3397 78.4304 4.09315 7.31583 0.186761 1.29316 1.12159 2.51678
574359 7 52 81.1562 80.3617 4.04078 7.33517 0.182424 0.959433 1.3824 2.49135
574359 7 53 80.7169 80.0146 4.23413 7.15102 0.193289 1.3016 1.0394 2.7129
574359 7 54 79.7143 79.1247 4.22541 6.95355 0.173857 1.18046 1.32019 2.72073
574359 7 55 80.3868 79.6619 4.20119 7.38818 0.184713 1.11746 1.2539 2.63855
574359 7 56 80.8586 80.0409 3.77162 7.55888 0.143499 1.23069 2.19773 2.5742
574359 7 57 80.9969 80.1693 4.21699 7.49805 0.179498 1.5113 1.82326 2.72414
574359 7 58 79.1134 78.4638 3.90704 7.50132 0.145759 1.07211 2.18916 2.45172
574359 7 59 81.1577 80.1989 4.03791 7.36048 0.165986 1.48756 1.3736 2.61935
574359 7 60 80.8084 80.1476 3.97767 7.38667 0.156476 1.2863 1.20302 2.65794
574359 7 61 80.959 80.196 3.98712 7.39131 0.173756 1.14513 1.99225 2.61272
574359 7 62 80.7176 79.9251 4.01068 7.29701 0.184501 1.20452 1.39978 2.52875
574359 7 63 80.757 80.1291 4.06002 7.27019 0.158019 1.37214 0.914454 2.68049
574359 7 64 82.7161 81.9985 3.99616 7.48107 0.160781 1.41604 2.79443 2.42417
574359 8 1 80.5842 80.0678 3.60886 7.81524 0.106913 1.32868 2.0712 2.4232
574359 8 2 82.1823 81.6131 3.61424 7.7529 0.118892 1.5477 2.12485 2.49127
574359 8 3 81.3798 80.7028 3.63471 7.76056 0.112418 1.30381 2.48578 2.16596
574359 8 4 80.1312 79.6215 3.65158 7.74361 0.107187 1.37632 2.02949 2.71617
574359 8 5 80.5837 79.8608 3.71597 7.55536 0.12269 1.0197 1.88749 2.61359
574359 8 6 80.7344 80.0998 3.7884 7.64525 0.129644 1.10385 1.86273 2.60101
574359 8 7 80.7642 79.9202 3.69684 7.58276 0.135729 1.24783 1.54601 2.45381
574359 8 8 80.8777 80.1699 3.74981 7.6649 0.117749 1.55601 2.84064 2.49412
574359 8 9 82.4897 81.6749 3.66599 7.62906 0.115958 1.33932 2.24387 2.14027
574359 8 10 81.1718 80.5338 3.69362 7.6531 0.121019 1.4652 1.63057 2.64329
574359 8 11 83.7012 82.9048 3.70087 7.47037 0.117034 1.22017 2.13987 2.63727
574359 8 12 81.8365 81.1591 3.76182 7.44875 0.135484 1.33002 1.63219 2.11678
574359 8 13 82.758 82.0035 3.7486 7.48229 0.128566 1.49771 2.48098 2.56683
574359 8 14 82.1706 81.5288 3.79663 7.25106 0.131479 1.32576 2.64785 2.47293
574359 8 15 81.8874 81.3113 3.78317 7.47245 0.118368 1.14241 2.46885 2.5794
574359 8 16 82.5716 81.9845 3.68141 7.51197 0.116301 1.14078 2.67295 2.72724
574359 8 17 82.7158 81.9276 3.58114 7.74944 0.120352 1.43728 1.57108 2.61295
574359 8 18 83.0459 82.4989 3.72807 7.61083 0.124252 1.23292 2.47135 2.41469
574359 8 19 83.3626 82.7693 3.78391 7.36789 0.130813 1.35424 3.13114 2.27479
574359 8 20 82.513 82.0254 3.7895 7.38726 0.137116 0.956724 2.5052 2.51971
574359 8 21 81.9262 81.2392 3.8538 7.33674 0.145198 1.06362 2.66526 2.47199
574359 8 22 82.7829 81.947 3.94071 7.3165 0.137264 1.42033 1.4988 2.39998
574359 8 23 82.5473 81.7616 3.79173 7.40701 0.154376 1.48367 2.84572 2.64656
574359 8 24 83.4437 82.8358 3.74067 7.57816 0.127542 1.40312 1.63518 2.73111
574359 8 25 82.4902 81.7608 3.97624 7.12528 0.158685 1.1878 1.22066 1.98243
574359 8 26 84.3105 83.6035 4.06612 7.00477 0.166436 1.56267 1.52057 1.69066
574359 8 27 82.5899 82.118 4.18868 7.12777 0.16731 1.49172 1.71922 2.43723
574359 8 28 82.6924 82.2826 4.08739 7.06072 0.15433 1.27943 2.03882 2.33988
574359 8 29 81.6101 80.9469 4.27458 6.91061 0.195046 1.29636 1.50843 1.64342
574359 8 30 81.2868 80.8837 4.24023 6.80145 0.173868 1.32633 1.89268 2.34687
574359 8 31 82.8509 82.281 4.18405 6.89442 0.174385 1.34368 1.00167 1.55637
574359 8 32 81.8693 81.4893 4.12646 7.10342 0.171153 1.17967 1.28791 2.50614
574359 8 33 73.3254 73.3704 4.79649 5.87127 0.247098 1.32779 1.76042 1.41933
574359 8 34 74.4311 73.995 4.78074 5.92368 0.238534 1.51203 1.34144 1.19995
574359 8 35 73.7166 72.8061 4.84301 6.47924 0.246984 1.86425 1.01114 0.904831
574359 8 36 75.0711 74.4233 4.82081 5.77044 0.296298 1.10115 1.61252 0.400011
574359 8 37 75.1977 75.0331 4.90897 6.1882 0.219772 1.10233 1.02177 2.39999
574359 8 38 75.4919 74.8371 4.92171 6.58388 0.208967 1.40165 1.25801 2.06522
574359 8 39 74.8071 74.0838 4.98382 6.49891 0.227375 1.42836 1.51397 2.00508
574359 8 40 77.3768 76.8407 4.28351 7.66776 0.140897 1.28262 1.66909 2.20047
574359 8 41 76.8294 75.9829 4.86967 6.8367 0.207825 1.20102 2.31562 2.24395
574359 8 42 78.2959 77.7742 4.33636 7.5782 0.134716 1.38239 1.25834 2.42192
574359 8 43 77.7325 77.0275 4.26934 7.75172 0.128004 1.34455 1.55967 2.58866
574359 8 44 77.3933 76.7472 4.32559 7.58021 0.127523 1.93771 1.40411 1.92019
574359 8 45 77.4051 76.906 4.43543 7.38381 0.148221 1.07598 1.38348 2.3808
574359 8 46 77.1323 76.6892 4.41942 7.3273 0.136611 1.32082 2.00307 2.51772
574359 8 47 76.0891 75.4028 4.36925 7.6197 0.150009 1.25527 1.50938 2.52256
574359 8 48 76.3199 75.7104 4.33339 7.53193 0.142789 1.23739 1.29765 2.59397
574359 8 49 76.9154 76.1855 4.18882 7.81789 0.12159 1.32156 2.89491 2.58457
574359 8 50 77.3535 76.8361 4.21216 7.93263 0.12842 0.84975 2.9236 2.4357
574359 8 51 78.1538 77.4092 4.18808 7.83034 0.132114 1.44688 2.45845 2.42955
574359 8 52 77.1462 76.4441 4.23963 7.8088 0.144946 1.18185 1.65786 2.41597
574359 8 53 77.5534 76.9793 4.35472 7.76595 0.134683 1.24533 1.10974 2.59416
574359 8 54 78.9396 78.3499 4.36787 7.78931 0.144305 1.1455 1.01609 2.51898
574359 8 55 78.2392 77.5806 4.29086 7.74699 0.121234 1.20535 1.91722 2.58322
574359 8 56 78.2876 77.6354 3.79417 7.98221 0.109172 1.01374 2.23188 2.13243
574359 8 57 77.1218 76.4495 4.26648 7.80842 0.11956 1.37759 2.46262 2.42726
574359 8 58 80.1455 79.5376 3.76126 8.03775 0.112248 0.977765 2.14175 2.59523
574359 8 59 79.7029 79.039 3.78865 7.96623 0.120194 1.05783 2.27522 2.53021
574359 8 60 78.4393 77.95 3.77241 7.94082 0.109235 1.31599 1.9844 2.52436
574359 8 61 79.0808 78.3086 3.80839 8.00985 0.115148 1.0709 1.99393 2.55777
574359 8 62 78.6525 78.189 3.86416 7.96163 0.112976 1.53639 2.61314 2.41143
574359 8 63 79.7979 79.0496 3.91776 7.89998 0.110911 1.36343 2.26601 2.44779
574359 8 64 79.0065 78.5538 3.86162 7.90445 0.105264 1.39887 1.84331 2.39808
