1	1	1	1	30	2	3	2	43	48	48	1		
1	1	1	1	29	2	3	2	44	48	48	2		
1	1	1	1	31	2	3	2	45	48	48	3		
1	1	1	1	32	2	3	2	46	48	48	4		
1	1	2	8	34	2	3	2	47	48	48	5		
1	1	2	8	33	2	3	2	48	48	48	6		
1	1	2	8	35	2	3	2	49	48	48	7		
1	1	2	8	36	2	3	2	50	48	48	8		
1	1	1	1	27	2	3	2	51	48	48	9		
1	1	1	1	28	2	3	2	52	48	48	10		
1	1	1	1	26	2	3	2	53	48	48	11		
1	1	1	1	25	2	3	2	54	48	48	12		
1	1	2	8	41	2	3	2	55	48	48	13		
1	1	2	8	38	2	3	2	56	48	48	14		
1	1	2	8	37	2	3	2	57	48	48	15		
1	1	2	8	39	2	3	2	58	48	48	16
1	1	1	1	22	2	3	2	59	48	48	17
1	1	1	1	21	2	3	2	60	48	48	18
1	1	1	1	23	2	3	2	61	48	48	19
1	1	1	1	24	2	3	2	62	48	48	20
1	1	2	8	40	2	3	2	63	48	48	21
1	1	2	8	43	2	3	2	64	48	48	22
1	1	2	8	44	2	3	2	65	48	48	23
1	1	2	8	42	2	3	2	66	48	48	24
1	1	1	1	19	2	3	2	67	48	48	25
1	1	1	1	20	2	3	2	68	48	48	26
1	1	1	1	18	2	3	2	69	48	48	27
1	1	1	1	17	2	3	2	70	48	48	28
1	1	2	8	47	2	3	2	71	48	48	29
1	1	2	8	48	2	3	2	72	48	48	30
1	1	2	8	46	2	3	2	73	48	48	31
1	1	2	8	45	2	3	2	74	48	48	32
1	1	1	1	14	2	3	2	75	48	48	33
1	1	1	1	13	2	3	2	76	48	48	34
1	1	1	1	15	2	3	2	77	48	48	35
1	1	1	1	16	2	3	2	78	48	48	36
1	1	2	8	50	2	3	2	79	48	48	37
1	1	2	8	49	2	3	2	80	48	48	38
1	1	2	8	51	2	3	2	81	48	48	39
1	1	2	8	52	2	3	2	82	48	48	40
1	1	1	1	11	2	3	2	83	48	48	41
1	1	1	1	12	2	3	2	84	48	48	42
1	1	1	1	10	2	3	2	85	48	48	43
1	1	1	1	9	2	3	2	86	48	48	44
1	1	2	8	57	2	3	2	87	48	48	45
1	1	2	8	54	2	3	2	88	48	48	46
1	1	2	8	53	2	3	2	89	48	48	47
1	1	2	8	55	2	3	2	90	48	48	48
1	1	1	1	6	2	3	2	91	48	48	49
1	1	1	1	5	2	3	2	92	48	48	50
1	1	1	1	7	2	3	2	93	48	48	51
1	1	1	1	8	2	3	2	94	48	48	52
1	1	2	8	56	2	3	2	95	48	48	53
1	1	2	8	59	2	3	2	96	48	48	54
1	1	2	8	60	2	3	2	97	48	48	55
1	1	2	8	58	2	3	2	98	48	48	56
1	1	1	1	3	2	3	2	99	48	48	57
1	1	1	1	4	2	3	2	100	48	48	58
1	1	1	1	2	2	3	2	101	48	48	59
1	1	1	1	1	2	3	2	102	48	48	60
1	1	2	8	64	2	3	2	103	48	48	61
1	1	2	8	63	2	3	2	104	48	48	62
1	1	2	8	62	2	3	2	105	48	48	63
1	1	2	8	61	2	3	2	106	48	48	64
1	1	1	1	61	2	3	2	107	48	48	65
1	1	1	1	62	2	3	2	108	48	48	66
1	1	1	1	63	2	3	2	109	48	48	67
1	1	1	1	64	2	3	2	110	48	48	68
1	1	2	8	1	2	3	2	111	48	48	69
1	1	2	8	2	2	3	2	112	48	48	70
1	1	2	8	4	2	3	2	113	48	48	71
1	1	2	8	3	2	3	2	114	48	48	72
1	1	1	1	58	2	3	2	115	48	48	73
1	1	1	1	60	2	3	2	116	48	48	74
1	1	1	1	59	2	3	2	117	48	48	75
1	1	1	1	56	2	3	2	118	48	48	76
1	1	2	8	8	2	3	2	119	48	48	77
1	1	2	8	7	2	3	2	120	48	48	78
1	1	2	8	5	2	3	2	121	48	48	79
1	1	2	8	6	2	3	2	122	48	48	80
1	1	1	1	55	2	3	2	123	48	48	81
1	1	1	1	53	2	3	2	124	48	48	82
1	1	1	1	54	2	3	2	125	48	48	83
1	1	1	1	57	2	3	2	126	48	48	84
1	1	2	8	9	2	3	2	127	48	48	85
1	1	2	8	10	2	3	2	128	48	48	86
1	1	2	8	12	2	3	2	129	48	48	87
1	1	2	8	11	2	3	2	130	48	48	88
1	1	1	1	52	2	3	2	131	48	48	89
1	1	1	1	51	2	3	2	132	48	48	90
1	1	1	1	49	2	3	2	133	48	48	91
1	1	1	1	50	2	3	2	134	48	48	92
1	1	2	8	16	2	3	2	135	48	48	93
1	1	2	8	15	2	3	2	136	48	48	94
1	1	2	8	13	2	3	2	137	48	48	95
1	1	2	8	14	2	3	2	138	48	48	96
1	1	1	1	45	2	3	2	139	48	48	97
1	1	1	1	46	2	3	2	140	48	48	98
1	1	1	1	48	2	3	2	141	48	48	99
1	1	1	1	47	2	3	2	142	48	48	100
1	1	2	8	17	2	3	2	143	48	48	101
1	1	2	8	18	2	3	2	144	48	48	102
1	1	2	8	20	2	3	2	145	48	48	103
1	1	2	8	19	2	3	2	146	48	48	104
1	1	1	1	42	2	3	2	147	48	48	105
1	1	1	1	44	2	3	2	148	48	48	106
1	1	1	1	43	2	3	2	149	48	48	107
1	1	1	1	40	2	3	2	150	48	48	108
1	1	2	8	24	2	3	2	151	48	48	109
1	1	2	8	23	2	3	2	152	48	48	110
1	1	2	8	21	2	3	2	153	48	48	111
1	1	2	8	22	2	3	2	154	48	48	112
1	1	1	1	39	2	3	2	155	48	48	113
1	1	1	1	37	2	3	2	156	48	48	114
1	1	1	1	38	2	3	2	157	48	48	115
1	1	1	1	41	2	3	2	158	48	48	116
1	1	2	8	25	2	3	2	159	48	48	117
1	1	2	8	26	2	3	2	160	48	48	118
1	1	2	8	28	2	3	2	161	48	48	119
1	1	2	8	27	2	3	2	162	48	48	120
1	1	1	1	36	2	3	2	163	48	48	121
1	1	1	1	35	2	3	2	164	48	48	122
1	1	1	1	33	2	3	2	165	48	48	123
1	1	1	1	34	2	3	2	166	48	48	124
1	1	2	8	32	2	3	2	167	48	48	125
1	1	2	8	31	2	3	2	168	48	48	126
1	1	2	8	29	2	3	2	169	48	48	127
1	1	2	8	30	2	3	2	170	48	48	128
1	1	1	3	30	2	2	1	1	57	57	1
1	1	1	3	29	2	2	1	2	57	57	2
1	1	1	3	31	2	2	1	3	57	57	3
1	1	1	3	32	2	2	1	4	57	57	4
1	1	2	6	34	2	2	1	5	57	57	5
1	1	2	6	33	2	2	1	6	57	57	6
1	1	2	6	35	2	2	1	7	57	57	7
1	1	2	6	36	2	2	1	8	57	57	8
1	1	1	3	27	2	2	1	9	57	57	9
1	1	1	3	28	2	2	1	10	57	57	10
1	1	1	3	26	2	2	1	11	57	57	11
1	1	1	3	25	2	2	1	12	57	57	12
1	1	2	6	41	2	2	1	13	57	57	13
1	1	2	6	38	2	2	1	14	57	57	14
1	1	2	6	37	2	2	1	15	57	57	15
1	1	2	6	39	2	2	1	16	57	57	16
1	1	1	3	22	2	2	1	17	57	57	17
1	1	1	3	21	2	2	1	18	57	57	18
1	1	1	3	23	2	2	1	19	57	57	19
1	1	1	3	24	2	2	1	20	57	57	20
1	1	2	6	40	2	2	1	21	57	57	21
1	1	2	6	43	2	2	1	22	57	57	22
1	1	2	6	44	2	2	1	23	57	57	23
1	1	2	6	42	2	2	1	24	57	57	24
1	1	1	3	19	2	2	1	25	57	57	25
1	1	1	3	20	2	2	1	26	57	57	26
1	1	1	3	18	2	2	1	27	57	57	27
1	1	1	3	17	2	2	1	28	57	57	28
1	1	2	6	47	2	2	1	29	57	57	29
1	1	2	6	48	2	2	1	30	57	57	30
1	1	2	6	46	2	2	1	31	57	57	31
1	1	2	6	45	2	2	1	32	57	57	32
1	1	1	3	14	2	2	1	33	57	57	33
1	1	1	3	13	2	2	1	34	57	57	34
1	1	1	3	15	2	2	1	35	57	57	35
1	1	1	3	16	2	2	1	36	57	57	36
1	1	2	6	50	2	2	1	37	57	57	37
1	1	2	6	49	2	2	1	38	57	57	38
1	1	2	6	51	2	2	1	39	57	57	39
1	1	2	6	52	2	2	1	40	57	57	40
1	1	1	3	11	2	2	1	41	57	57	41
1	1	1	3	12	2	2	1	42	57	57	42
1	1	1	3	10	2	2	1	43	57	57	43
1	1	1	3	9	2	2	1	44	57	57	44
1	1	2	6	57	2	2	1	45	57	57	45
1	1	2	6	54	2	2	1	46	57	57	46
1	1	2	6	53	2	2	1	47	57	57	47
1	1	2	6	55	2	2	1	48	57	57	48
1	1	1	3	6	2	2	1	49	57	57	49
1	1	1	3	5	2	2	1	50	57	57	50
1	1	1	3	7	2	2	1	51	57	57	51
1	1	1	3	8	2	2	1	52	57	57	52
1	1	2	6	56	2	2	1	53	57	57	53
1	1	2	6	59	2	2	1	54	57	57	54
1	1	2	6	60	2	2	1	55	57	57	55
1	1	2	6	58	2	2	1	56	57	57	56
1	1	1	3	3	2	2	1	57	57	57	57
1	1	1	3	4	2	2	1	58	57	57	58
1	1	1	3	2	2	2	1	59	57	57	59
1	1	1	3	1	2	2	1	60	57	57	60
1	1	2	6	64	2	2	1	61	57	57	61
1	1	2	6	63	2	2	1	62	57	57	62
1	1	2	6	62	2	2	1	63	57	57	63
1	1	2	6	61	2	2	1	64	57	57	64
1	1	1	3	61	2	2	1	65	57	57	65
1	1	1	3	62	2	2	1	66	57	57	66
1	1	1	3	63	2	2	1	67	57	57	67
1	1	1	3	64	2	2	1	68	57	57	68
1	1	2	6	1	2	2	1	69	57	57	69
1	1	2	6	2	2	2	1	70	57	57	70
1	1	2	6	4	2	2	1	71	57	57	71
1	1	2	6	3	2	2	1	72	57	57	72
1	1	1	3	58	2	2	1	73	57	57	73
1	1	1	3	60	2	2	1	74	57	57	74
1	1	1	3	59	2	2	1	75	57	57	75
1	1	1	3	56	2	2	1	76	57	57	76
1	1	2	6	8	2	2	1	77	57	57	77
1	1	2	6	7	2	2	1	78	57	57	78
1	1	2	6	5	2	2	1	79	57	57	79
1	1	2	6	6	2	2	1	80	57	57	80
1	1	1	3	55	2	2	1	81	57	57	81
1	1	1	3	53	2	2	1	82	57	57	82
1	1	1	3	54	2	2	1	83	57	57	83
1	1	1	3	57	2	2	1	84	57	57	84
1	1	2	6	9	2	2	1	85	57	57	85
1	1	2	6	10	2	2	1	86	57	57	86
1	1	2	6	12	2	2	1	87	57	57	87
1	1	2	6	11	2	2	1	88	57	57	88
1	1	1	3	52	2	2	1	89	57	57	89
1	1	1	3	51	2	2	1	90	57	57	90
1	1	1	3	49	2	2	1	91	57	57	91
1	1	1	3	50	2	2	1	92	57	57	92
1	1	2	6	16	2	2	1	93	57	57	93
1	1	2	6	15	2	2	1	94	57	57	94
1	1	2	6	13	2	2	1	95	57	57	95
1	1	2	6	14	2	2	1	96	57	57	96
1	1	1	3	45	2	2	1	97	57	57	97
1	1	1	3	46	2	2	1	98	57	57	98
1	1	1	3	48	2	2	1	99	57	57	99
1	1	1	3	47	2	2	1	100	57	57	100
1	1	2	6	17	2	2	1	101	57	57	101
1	1	2	6	18	2	2	1	102	57	57	102
1	1	2	6	20	2	2	1	103	57	57	103
1	1	2	6	19	2	2	1	104	57	57	104
1	1	1	3	42	2	2	1	105	57	57	105
1	1	1	3	44	2	2	1	106	57	57	106
1	1	1	3	43	2	2	1	107	57	57	107
1	1	1	3	40	2	2	1	108	57	57	108
1	1	2	6	24	2	2	1	109	57	57	109
1	1	2	6	23	2	2	1	110	57	57	110
1	1	2	6	21	2	2	1	111	57	57	111
1	1	2	6	22	2	2	1	112	57	57	112
1	1	1	3	39	2	2	1	113	57	57	113
1	1	1	3	37	2	2	1	114	57	57	114
1	1	1	3	38	2	2	1	115	57	57	115
1	1	1	3	41	2	2	1	116	57	57	116
1	1	2	6	25	2	2	1	117	57	57	117
1	1	2	6	26	2	2	1	118	57	57	118
1	1	2	6	28	2	2	1	119	57	57	119
1	1	2	6	27	2	2	1	120	57	57	120
1	1	1	3	36	2	2	1	121	57	57	121
1	1	1	3	35	2	2	1	122	57	57	122
1	1	1	3	33	2	2	1	123	57	57	123
1	1	1	3	34	2	2	1	124	57	57	124
1	1	2	6	32	2	2	1	125	57	57	125
1	1	2	6	31	2	2	1	126	57	57	126
1	1	2	6	29	2	2	1	127	57	57	127
1	1	2	6	30	2	2	1	128	57	57	128
1	1	1	4	30	2	1	3	87	60	60	1
1	1	1	4	29	2	1	3	88	60	60	2
1	1	1	4	31	2	1	3	89	60	60	3
1	1	1	4	32	2	1	3	90	60	60	4
1	1	2	5	34	2	1	3	91	60	60	5
1	1	2	5	33	2	1	3	92	60	60	6
1	1	2	5	35	2	1	3	93	60	60	7
1	1	2	5	36	2	1	3	94	60	60	8
1	1	1	4	27	2	1	3	95	60	60	9
1	1	1	4	28	2	1	3	96	60	60	10
1	1	1	4	26	2	1	3	97	60	60	11
1	1	1	4	25	2	1	3	98	60	60	12
1	1	2	5	41	2	1	3	99	60	60	13
1	1	2	5	38	2	1	3	100	60	60	14
1	1	2	5	37	2	1	3	101	60	60	15
1	1	2	5	39	2	1	3	102	60	60	16
1	1	1	4	22	2	1	3	103	60	60	17
1	1	1	4	21	2	1	3	104	60	60	18
1	1	1	4	23	2	1	3	105	60	60	19
1	1	1	4	24	2	1	3	106	60	60	20
1	1	2	5	40	2	1	3	107	60	60	21
1	1	2	5	43	2	1	3	108	60	60	22
1	1	2	5	44	2	1	3	109	60	60	23
1	1	2	5	42	2	1	3	110	60	60	24
1	1	1	4	19	2	1	3	111	60	60	25
1	1	1	4	20	2	1	3	112	60	60	26
1	1	1	4	18	2	1	3	113	60	60	27
1	1	1	4	17	2	1	3	114	60	60	28
1	1	2	5	47	2	1	3	115	60	60	29
1	1	2	5	48	2	1	3	116	60	60	30
1	1	2	5	46	2	1	3	117	60	60	31
1	1	2	5	45	2	1	3	118	60	60	32
1	1	1	4	14	2	1	3	119	60	60	33
1	1	1	4	13	2	1	3	120	60	60	34
1	1	1	4	15	2	1	3	121	60	60	35
1	1	1	4	16	2	1	3	122	60	60	36
1	1	2	5	50	2	1	3	123	60	60	37
1	1	2	5	49	2	1	3	124	60	60	38
1	1	2	5	51	2	1	3	125	60	60	39
1	1	2	5	52	2	1	3	126	60	60	40
1	1	1	4	11	2	1	3	127	60	60	41
1	1	1	4	12	2	1	3	128	60	60	42
1	1	1	4	10	2	1	3	129	60	60	43
1	1	1	4	9	2	1	3	130	60	60	44
1	1	2	5	57	2	1	3	131	60	60	45
1	1	2	5	54	2	1	3	132	60	60	46
1	1	2	5	53	2	1	3	133	60	60	47
1	1	2	5	55	2	1	3	134	60	60	48
1	1	1	4	6	2	1	3	135	60	60	49
1	1	1	4	5	2	1	3	136	60	60	50
1	1	1	4	7	2	1	3	137	60	60	51
1	1	1	4	8	2	1	3	138	60	60	52
1	1	2	5	56	2	1	3	139	60	60	53
1	1	2	5	59	2	1	3	140	60	60	54
1	1	2	5	60	2	1	3	141	60	60	55
1	1	2	5	58	2	1	3	142	60	60	56
1	1	1	4	3	2	1	3	143	60	60	57
1	1	1	4	4	2	1	3	144	60	60	58
1	1	1	4	2	2	1	3	145	60	60	59
1	1	1	4	1	2	1	3	146	60	60	60
1	1	2	5	64	2	1	3	147	60	60	61
1	1	2	5	63	2	1	3	148	60	60	62
1	1	2	5	62	2	1	3	149	60	60	63
1	1	2	5	61	2	1	3	150	60	60	64
1	1	1	4	61	2	1	3	151	60	60	65
1	1	1	4	62	2	1	3	152	60	60	66
1	1	1	4	63	2	1	3	153	60	60	67
1	1	1	4	64	2	1	3	154	60	60	68
1	1	2	5	1	2	1	3	155	60	60	69
1	1	2	5	2	2	1	3	156	60	60	70
1	1	2	5	4	2	1	3	157	60	60	71
1	1	2	5	3	2	1	3	158	60	60	72
1	1	1	4	58	2	1	3	159	60	60	73
1	1	1	4	60	2	1	3	160	60	60	74
1	1	1	4	59	2	1	3	161	60	60	75
1	1	1	4	56	2	1	3	162	60	60	76
1	1	2	5	8	2	1	3	163	60	60	77
1	1	2	5	7	2	1	3	164	60	60	78
1	1	2	5	5	2	1	3	165	60	60	79
1	1	2	5	6	2	1	3	166	60	60	80
1	1	1	4	55	2	1	3	167	60	60	81
1	1	1	4	53	2	1	3	168	60	60	82
1	1	1	4	54	2	1	3	169	60	60	83
1	1	1	4	57	2	1	3	170	60	60	84
1	1	2	5	9	2	1	3	171	60	60	85
1	1	2	5	10	2	1	3	172	60	60	86
1	1	2	5	12	2	1	3	173	60	60	87
1	1	2	5	11	2	1	3	174	60	60	88
1	1	1	4	52	2	1	3	175	60	60	89
1	1	1	4	51	2	1	3	176	60	60	90
1	1	1	4	49	2	1	3	177	60	60	91
1	1	1	4	50	2	1	3	178	60	60	92
1	1	2	5	16	2	1	3	179	60	60	93
1	1	2	5	15	2	1	3	180	60	60	94
1	1	2	5	13	2	1	3	181	60	60	95
1	1	2	5	14	2	1	3	182	60	60	96
1	1	1	4	45	2	1	3	183	60	60	97
1	1	1	4	46	2	1	3	184	60	60	98
1	1	1	4	48	2	1	3	185	60	60	99
1	1	1	4	47	2	1	3	186	60	60	100
1	1	2	5	17	2	1	3	187	60	60	101
1	1	2	5	18	2	1	3	188	60	60	102
1	1	2	5	20	2	1	3	189	60	60	103
1	1	2	5	19	2	1	3	190	60	60	104
1	1	1	4	42	2	1	3	191	60	60	105
1	1	1	4	44	2	1	3	192	60	60	106
1	1	1	4	43	2	1	3	193	60	60	107
1	1	1	4	40	2	1	3	194	60	60	108
1	1	2	5	24	2	1	3	195	60	60	109
1	1	2	5	23	2	1	3	196	60	60	110
1	1	2	5	21	2	1	3	197	60	60	111
1	1	2	5	22	2	1	3	198	60	60	112
1	1	1	4	39	2	1	3	199	60	60	113
1	1	1	4	37	2	1	3	200	60	60	114
1	1	1	4	38	2	1	3	201	60	60	115
1	1	1	4	41	2	1	3	202	60	60	116
1	1	2	5	25	2	1	3	203	60	60	117
1	1	2	5	26	2	1	3	204	60	60	118
1	1	2	5	28	2	1	3	205	60	60	119
1	1	2	5	27	2	1	3	206	60	60	120
1	1	1	4	36	2	1	3	207	60	60	121
1	1	1	4	35	2	1	3	208	60	60	122
1	1	1	4	33	2	1	3	209	60	60	123
1	1	1	4	34	2	1	3	210	60	60	124
1	1	2	5	32	2	1	3	211	60	60	125
1	1	2	5	31	2	1	3	212	60	60	126
1	1	2	5	29	2	1	3	213	60	60	127
1	1	2	5	30	2	1	3	214	60	60	128
1	1	1	5	30	2	2	2	171	47	47	1
1	1	1	5	29	2	2	2	172	47	47	2
1	1	1	5	31	2	2	2	173	47	47	3
1	1	1	5	32	2	2	2	174	47	47	4
1	1	2	4	34	2	2	2	175	47	47	5
1	1	2	4	33	2	2	2	176	47	47	6
1	1	2	4	35	2	2	2	177	47	47	7
1	1	2	4	36	2	2	2	178	47	47	8
1	1	1	5	27	2	2	2	179	47	47	9
1	1	1	5	28	2	2	2	180	47	47	10
1	1	1	5	26	2	2	2	181	47	47	11
1	1	1	5	25	2	2	2	182	47	47	12
1	1	2	4	41	2	2	2	183	47	47	13
1	1	2	4	38	2	2	2	184	47	47	14
1	1	2	4	37	2	2	2	185	47	47	15
1	1	2	4	39	2	2	2	186	47	47	16
1	1	1	5	22	2	2	2	187	47	47	17
1	1	1	5	21	2	2	2	188	47	47	18
1	1	1	5	23	2	2	2	189	47	47	19
1	1	1	5	24	2	2	2	190	47	47	20
1	1	2	4	40	2	2	2	191	47	47	21
1	1	2	4	43	2	2	2	192	47	47	22
1	1	2	4	44	2	2	2	193	47	47	23
1	1	2	4	42	2	2	2	194	47	47	24
1	1	1	5	19	2	2	2	195	47	47	25
1	1	1	5	20	2	2	2	196	47	47	26
1	1	1	5	18	2	2	2	197	47	47	27
1	1	1	5	17	2	2	2	198	47	47	28
1	1	2	4	47	2	2	2	199	47	47	29
1	1	2	4	48	2	2	2	200	47	47	30
1	1	2	4	46	2	2	2	201	47	47	31
1	1	2	4	45	2	2	2	202	47	47	32
1	1	1	5	14	2	2	2	203	47	47	33
1	1	1	5	13	2	2	2	204	47	47	34
1	1	1	5	15	2	2	2	205	47	47	35
1	1	1	5	16	2	2	2	206	47	47	36
1	1	2	4	50	2	2	2	207	47	47	37
1	1	2	4	49	2	2	2	208	47	47	38
1	1	2	4	51	2	2	2	209	47	47	39
1	1	2	4	52	2	2	2	210	47	47	40
1	1	1	5	11	2	2	2	211	47	47	41
1	1	1	5	12	2	2	2	212	47	47	42
1	1	1	5	10	2	2	3	1	47	47	43
1	1	1	5	9	2	2	3	2	47	47	44
1	1	2	4	57	2	2	3	3	47	47	45
1	1	2	4	54	2	2	3	4	47	47	46
1	1	2	4	53	2	2	3	5	47	47	47
1	1	2	4	55	2	2	3	6	47	47	48
1	1	1	5	6	2	2	3	7	47	47	49
1	1	1	5	5	2	2	3	8	47	47	50
1	1	1	5	7	2	2	3	9	47	47	51
1	1	1	5	8	2	2	3	10	47	47	52
1	1	2	4	56	2	2	3	11	47	47	53
1	1	2	4	59	2	2	3	12	47	47	54
1	1	2	4	60	2	2	3	13	47	47	55
1	1	2	4	58	2	2	3	14	47	47	56
1	1	1	5	3	2	2	3	15	47	47	57
1	1	1	5	4	2	2	3	16	47	47	58
1	1	1	5	2	2	2	3	17	47	47	59
1	1	1	5	1	2	2	3	18	47	47	60
1	1	2	4	64	2	2	3	19	47	47	61
1	1	2	4	63	2	2	3	20	47	47	62
1	1	2	4	62	2	2	3	21	47	47	63
1	1	2	4	61	2	2	3	22	47	47	64
1	1	1	5	61	2	2	3	23	47	47	65
1	1	1	5	62	2	2	3	24	47	47	66
1	1	1	5	63	2	2	3	25	47	47	67
1	1	1	5	64	2	2	3	26	47	47	68
1	1	2	4	1	2	2	3	27	47	47	69
1	1	2	4	2	2	2	3	28	47	47	70
1	1	2	4	4	2	2	3	29	47	47	71
1	1	2	4	3	2	2	3	30	47	47	72
1	1	1	5	58	2	2	3	31	47	47	73
1	1	1	5	60	2	2	3	32	47	47	74
1	1	1	5	59	2	2	3	33	47	47	75
1	1	1	5	56	2	2	3	34	47	47	76
1	1	2	4	8	2	2	3	35	47	47	77
1	1	2	4	7	2	2	3	36	47	47	78
1	1	2	4	5	2	2	3	37	47	47	79
1	1	2	4	6	2	2	3	38	47	47	80
1	1	1	5	55	2	2	3	39	47	47	81
1	1	1	5	53	2	2	3	40	47	47	82
1	1	1	5	54	2	2	3	41	47	47	83
1	1	1	5	57	2	2	3	42	47	47	84
1	1	2	4	9	2	2	3	43	47	47	85
1	1	2	4	10	2	2	3	44	47	47	86
1	1	2	4	12	2	2	3	45	47	47	87
1	1	2	4	11	2	2	3	46	47	47	88
1	1	1	5	52	2	2	3	47	47	47	89
1	1	1	5	51	2	2	3	48	47	47	90
1	1	1	5	49	2	2	3	49	47	47	91
1	1	1	5	50	2	2	3	50	47	47	92
1	1	2	4	16	2	2	3	51	47	47	93
1	1	2	4	15	2	2	3	52	47	47	94
1	1	2	4	13	2	2	3	53	47	47	95
1	1	2	4	14	2	2	3	54	47	47	96
1	1	1	5	45	2	2	3	55	47	47	97
1	1	1	5	46	2	2	3	56	47	47	98
1	1	1	5	48	2	2	3	57	47	47	99
1	1	1	5	47	2	2	3	58	47	47	100
1	1	2	4	17	2	2	3	59	47	47	101
1	1	2	4	18	2	2	3	60	47	47	102
1	1	2	4	20	2	2	3	61	47	47	103
1	1	2	4	19	2	2	3	62	47	47	104
1	1	1	5	42	2	2	3	63	47	47	105
1	1	1	5	44	2	2	3	64	47	47	106
1	1	1	5	43	2	2	3	65	47	47	107
1	1	1	5	40	2	2	3	66	47	47	108
1	1	2	4	24	2	2	3	67	47	47	109
1	1	2	4	23	2	2	3	68	47	47	110
1	1	2	4	21	2	2	3	69	47	47	111
1	1	2	4	22	2	2	3	70	47	47	112
1	1	1	5	39	2	2	3	71	47	47	113
1	1	1	5	37	2	2	3	72	47	47	114
1	1	1	5	38	2	2	3	73	47	47	115
1	1	1	5	41	2	2	3	74	47	47	116
1	1	2	4	25	2	2	3	75	47	47	117
1	1	2	4	26	2	2	3	76	47	47	118
1	1	2	4	28	2	2	3	77	47	47	119
1	1	2	4	27	2	2	3	78	47	47	120
1	1	1	5	36	2	2	3	79	47	47	121
1	1	1	5	35	2	2	3	80	47	47	122
1	1	1	5	33	2	2	3	81	47	47	123
1	1	1	5	34	2	2	3	82	47	47	124
1	1	2	4	32	2	2	3	83	47	47	125
1	1	2	4	31	2	2	3	84	47	47	126
1	1	2	4	29	2	2	3	85	47	47	127
1	1	2	4	30	2	2	3	86	47	47	128
1	1	1	6	30	2	3	3	87	50	50	1
1	1	1	6	29	2	3	3	88	50	50	2
1	1	1	6	31	2	3	3	89	50	50	3
1	1	1	6	32	2	3	3	90	50	50	4
1	1	2	3	34	2	3	3	91	50	50	5
1	1	2	3	33	2	3	3	92	50	50	6
1	1	2	3	35	2	3	3	93	50	50	7
1	1	2	3	36	2	3	3	94	50	50	8
1	1	1	6	27	2	3	3	95	50	50	9
1	1	1	6	28	2	3	3	96	50	50	10
1	1	1	6	26	2	3	3	97	50	50	11
1	1	1	6	25	2	3	3	98	50	50	12
1	1	2	3	41	2	3	3	99	50	50	13
1	1	2	3	38	2	3	3	100	50	50	14
1	1	2	3	37	2	3	3	101	50	50	15
1	1	2	3	39	2	3	3	102	50	50	16
1	1	1	6	22	2	3	3	103	50	50	17
1	1	1	6	21	2	3	3	104	50	50	18
1	1	1	6	23	2	3	3	105	50	50	19
1	1	1	6	24	2	3	3	106	50	50	20
1	1	2	3	40	2	3	3	107	50	50	21
1	1	2	3	43	2	3	3	108	50	50	22
1	1	2	3	44	2	3	3	109	50	50	23
1	1	2	3	42	2	3	3	110	50	50	24
1	1	1	6	19	2	3	3	111	50	50	25
1	1	1	6	20	2	3	3	112	50	50	26
1	1	1	6	18	2	3	3	113	50	50	27
1	1	1	6	17	2	3	3	114	50	50	28
1	1	2	3	47	2	3	3	115	50	50	29
1	1	2	3	48	2	3	3	116	50	50	30
1	1	2	3	46	2	3	3	117	50	50	31
1	1	2	3	45	2	3	3	118	50	50	32
1	1	1	6	14	2	3	3	119	50	50	33
1	1	1	6	13	2	3	3	120	50	50	34
1	1	1	6	15	2	3	3	121	50	50	35
1	1	1	6	16	2	3	3	122	50	50	36
1	1	2	3	50	2	3	3	123	50	50	37
1	1	2	3	49	2	3	3	124	50	50	38
1	1	2	3	51	2	3	3	125	50	50	39
1	1	2	3	52	2	3	3	126	50	50	40
1	1	1	6	11	2	3	3	127	50	50	41
1	1	1	6	12	2	3	3	128	50	50	42
1	1	1	6	10	2	3	3	129	50	50	43
1	1	1	6	9	2	3	3	130	50	50	44
1	1	2	3	57	2	3	3	131	50	50	45
1	1	2	3	54	2	3	3	132	50	50	46
1	1	2	3	53	2	3	3	133	50	50	47
1	1	2	3	55	2	3	3	134	50	50	48
1	1	1	6	6	2	3	3	135	50	50	49
1	1	1	6	5	2	3	3	136	50	50	50
1	1	1	6	7	2	3	3	137	50	50	51
1	1	1	6	8	2	3	3	138	50	50	52
1	1	2	3	56	2	3	3	139	50	50	53
1	1	2	3	59	2	3	3	140	50	50	54
1	1	2	3	60	2	3	3	141	50	50	55
1	1	2	3	58	2	3	3	142	50	50	56
1	1	1	6	3	2	3	3	143	50	50	57
1	1	1	6	4	2	3	3	144	50	50	58
1	1	1	6	2	2	3	3	145	50	50	59
1	1	1	6	1	2	3	3	146	50	50	60
1	1	2	3	64	2	3	3	147	50	50	61
1	1	2	3	63	2	3	3	148	50	50	62
1	1	2	3	62	2	3	3	149	50	50	63
1	1	2	3	61	2	3	3	150	50	50	64
1	1	1	6	61	2	3	3	151	50	50	65
1	1	1	6	62	2	3	3	152	50	50	66
1	1	1	6	63	2	3	3	153	50	50	67
1	1	1	6	64	2	3	3	154	50	50	68
1	1	2	3	1	2	3	3	155	50	50	69
1	1	2	3	2	2	3	3	156	50	50	70
1	1	2	3	4	2	3	3	157	50	50	71
1	1	2	3	3	2	3	3	158	50	50	72
1	1	1	6	58	2	3	3	159	50	50	73
1	1	1	6	60	2	3	3	160	50	50	74
1	1	1	6	59	2	3	3	161	50	50	75
1	1	1	6	56	2	3	3	162	50	50	76
1	1	2	3	8	2	3	3	163	50	50	77
1	1	2	3	7	2	3	3	164	50	50	78
1	1	2	3	5	2	3	3	165	50	50	79
1	1	2	3	6	2	3	3	166	50	50	80
1	1	1	6	55	2	3	3	167	50	50	81
1	1	1	6	53	2	3	3	168	50	50	82
1	1	1	6	54	2	3	3	169	50	50	83
1	1	1	6	57	2	3	3	170	50	50	84
1	1	2	3	9	2	3	3	171	50	50	85
1	1	2	3	10	2	3	3	172	50	50	86
1	1	2	3	12	2	3	3	173	50	50	87
1	1	2	3	11	2	3	3	174	50	50	88
1	1	1	6	52	2	3	3	175	50	50	89
1	1	1	6	51	2	3	3	176	50	50	90
1	1	1	6	49	2	3	3	177	50	50	91
1	1	1	6	50	2	3	3	178	50	50	92
1	1	2	3	16	2	3	3	179	50	50	93
1	1	2	3	15	2	3	3	180	50	50	94
1	1	2	3	13	2	3	3	181	50	50	95
1	1	2	3	14	2	3	3	182	50	50	96
1	1	1	6	45	2	3	3	183	50	50	97
1	1	1	6	46	2	3	3	184	50	50	98
1	1	1	6	48	2	3	3	185	50	50	99
1	1	1	6	47	2	3	3	186	50	50	100
1	1	2	3	17	2	3	3	187	50	50	101
1	1	2	3	18	2	3	3	188	50	50	102
1	1	2	3	20	2	3	3	189	50	50	103
1	1	2	3	19	2	3	3	190	50	50	104
1	1	1	6	42	2	3	3	191	50	50	105
1	1	1	6	44	2	3	3	192	50	50	106
1	1	1	6	43	2	3	3	193	50	50	107
1	1	1	6	40	2	3	3	194	50	50	108
1	1	2	3	24	2	3	3	195	50	50	109
1	1	2	3	23	2	3	3	196	50	50	110
1	1	2	3	21	2	3	3	197	50	50	111
1	1	2	3	22	2	3	3	198	50	50	112
1	1	1	6	39	2	3	3	199	50	50	113
1	1	1	6	37	2	3	3	200	50	50	114
1	1	1	6	38	2	3	3	201	50	50	115
1	1	1	6	41	2	3	3	202	50	50	116
1	1	2	3	25	2	3	3	203	50	50	117
1	1	2	3	26	2	3	3	204	50	50	118
1	1	2	3	28	2	3	3	205	50	50	119
1	1	2	3	27	2	3	3	206	50	50	120
1	1	1	6	36	2	3	3	207	50	50	121
1	1	1	6	35	2	3	3	208	50	50	122
1	1	1	6	33	2	3	3	209	50	50	123
1	1	1	6	34	2	3	3	210	50	50	124
1	1	2	3	32	2	3	3	211	50	50	125
1	1	2	3	31	2	3	3	212	50	50	126
1	1	2	3	29	2	3	3	213	50	50	127
1	1	2	3	30	2	3	3	214	50	50	128
1	1	1	7	30	2	2	3	87	55	55	1
1	1	1	7	29	2	2	3	88	55	55	2
1	1	1	7	31	2	2	3	89	55	55	3
1	1	1	7	32	2	2	3	90	55	55	4
1	1	2	2	34	2	2	3	91	55	55	5
1	1	2	2	33	2	2	3	92	55	55	6
1	1	2	2	35	2	2	3	93	55	55	7
1	1	2	2	36	2	2	3	94	55	55	8
1	1	1	7	27	2	2	3	95	55	55	9
1	1	1	7	28	2	2	3	96	55	55	10
1	1	1	7	26	2	2	3	97	55	55	11
1	1	1	7	25	2	2	3	98	55	55	12
1	1	2	2	41	2	2	3	99	55	55	13
1	1	2	2	38	2	2	3	100	55	55	14
1	1	2	2	37	2	2	3	101	55	55	15
1	1	2	2	39	2	2	3	102	55	55	16
1	1	1	7	22	2	2	3	103	55	55	17
1	1	1	7	21	2	2	3	104	55	55	18
1	1	1	7	23	2	2	3	105	55	55	19
1	1	1	7	24	2	2	3	106	55	55	20
1	1	2	2	40	2	2	3	107	55	55	21
1	1	2	2	43	2	2	3	108	55	55	22
1	1	2	2	44	2	2	3	109	55	55	23
1	1	2	2	42	2	2	3	110	55	55	24
1	1	1	7	19	2	2	3	111	55	55	25
1	1	1	7	20	2	2	3	112	55	55	26
1	1	1	7	18	2	2	3	113	55	55	27
1	1	1	7	17	2	2	3	114	55	55	28
1	1	2	2	47	2	2	3	115	55	55	29
1	1	2	2	48	2	2	3	116	55	55	30
1	1	2	2	46	2	2	3	117	55	55	31
1	1	2	2	45	2	2	3	118	55	55	32
1	1	1	7	14	2	2	3	119	55	55	33
1	1	1	7	13	2	2	3	120	55	55	34
1	1	1	7	15	2	2	3	121	55	55	35
1	1	1	7	16	2	2	3	122	55	55	36
1	1	2	2	50	2	2	3	123	55	55	37
1	1	2	2	49	2	2	3	124	55	55	38
1	1	2	2	51	2	2	3	125	55	55	39
1	1	2	2	52	2	2	3	126	55	55	40
1	1	1	7	11	2	2	3	127	55	55	41
1	1	1	7	12	2	2	3	128	55	55	42
1	1	1	7	10	2	2	3	129	55	55	43
1	1	1	7	9	2	2	3	130	55	55	44
1	1	2	2	57	2	2	3	131	55	55	45
1	1	2	2	54	2	2	3	132	55	55	46
1	1	2	2	53	2	2	3	133	55	55	47
1	1	2	2	55	2	2	3	134	55	55	48
1	1	1	7	6	2	2	3	135	55	55	49
1	1	1	7	5	2	2	3	136	55	55	50
1	1	1	7	7	2	2	3	137	55	55	51
1	1	1	7	8	2	2	3	138	55	55	52
1	1	2	2	56	2	2	3	139	55	55	53
1	1	2	2	59	2	2	3	140	55	55	54
1	1	2	2	60	2	2	3	141	55	55	55
1	1	2	2	58	2	2	3	142	55	55	56
1	1	1	7	3	2	2	3	143	55	55	57
1	1	1	7	4	2	2	3	144	55	55	58
1	1	1	7	2	2	2	3	145	55	55	59
1	1	1	7	1	2	2	3	146	55	55	60
1	1	2	2	64	2	2	3	147	55	55	61
1	1	2	2	63	2	2	3	148	55	55	62
1	1	2	2	62	2	2	3	149	55	55	63
1	1	2	2	61	2	2	3	150	55	55	64
1	1	1	7	61	2	2	3	151	55	55	65
1	1	1	7	62	2	2	3	152	55	55	66
1	1	1	7	63	2	2	3	153	55	55	67
1	1	1	7	64	2	2	3	154	55	55	68
1	1	2	2	1	2	2	3	155	55	55	69
1	1	2	2	2	2	2	3	156	55	55	70
1	1	2	2	4	2	2	3	157	55	55	71
1	1	2	2	3	2	2	3	158	55	55	72
1	1	1	7	58	2	2	3	159	55	55	73
1	1	1	7	60	2	2	3	160	55	55	74
1	1	1	7	59	2	2	3	161	55	55	75
1	1	1	7	56	2	2	3	162	55	55	76
1	1	2	2	8	2	2	3	163	55	55	77
1	1	2	2	7	2	2	3	164	55	55	78
1	1	2	2	5	2	2	3	165	55	55	79
1	1	2	2	6	2	2	3	166	55	55	80
1	1	1	7	55	2	2	3	167	55	55	81
1	1	1	7	53	2	2	3	168	55	55	82
1	1	1	7	54	2	2	3	169	55	55	83
1	1	1	7	57	2	2	3	170	55	55	84
1	1	2	2	9	2	2	3	171	55	55	85
1	1	2	2	10	2	2	3	172	55	55	86
1	1	2	2	12	2	2	3	173	55	55	87
1	1	2	2	11	2	2	3	174	55	55	88
1	1	1	7	52	2	2	3	175	55	55	89
1	1	1	7	51	2	2	3	176	55	55	90
1	1	1	7	49	2	2	3	177	55	55	91
1	1	1	7	50	2	2	3	178	55	55	92
1	1	2	2	16	2	2	3	179	55	55	93
1	1	2	2	15	2	2	3	180	55	55	94
1	1	2	2	13	2	2	3	181	55	55	95
1	1	2	2	14	2	2	3	182	55	55	96
1	1	1	7	45	2	2	3	183	55	55	97
1	1	1	7	46	2	2	3	184	55	55	98
1	1	1	7	48	2	2	3	185	55	55	99
1	1	1	7	47	2	2	3	186	55	55	100
1	1	2	2	17	2	2	3	187	55	55	101
1	1	2	2	18	2	2	3	188	55	55	102
1	1	2	2	20	2	2	3	189	55	55	103
1	1	2	2	19	2	2	3	190	55	55	104
1	1	1	7	42	2	2	3	191	55	55	105
1	1	1	7	44	2	2	3	192	55	55	106
1	1	1	7	43	2	2	3	193	55	55	107
1	1	1	7	40	2	2	3	194	55	55	108
1	1	2	2	24	2	2	3	195	55	55	109
1	1	2	2	23	2	2	3	196	55	55	110
1	1	2	2	21	2	2	3	197	55	55	111
1	1	2	2	22	2	2	3	198	55	55	112
1	1	1	7	39	2	2	3	199	55	55	113
1	1	1	7	37	2	2	3	200	55	55	114
1	1	1	7	38	2	2	3	201	55	55	115
1	1	1	7	41	2	2	3	202	55	55	116
1	1	2	2	25	2	2	3	203	55	55	117
1	1	2	2	26	2	2	3	204	55	55	118
1	1	2	2	28	2	2	3	205	55	55	119
1	1	2	2	27	2	2	3	206	55	55	120
1	1	1	7	36	2	2	3	207	55	55	121
1	1	1	7	35	2	2	3	208	55	55	122
1	1	1	7	33	2	2	3	209	55	55	123
1	1	1	7	34	2	2	3	210	55	55	124
1	1	2	2	32	2	2	3	211	55	55	125
1	1	2	2	31	2	2	3	212	55	55	126
1	1	2	2	29	2	2	3	213	55	55	127
1	1	2	2	30	2	2	3	214	55	55	128
1	2	1	1	30	2	5	1	129	49	49	1
1	2	1	1	29	2	5	1	130	49	49	2
1	2	1	1	31	2	5	1	131	49	49	3
1	2	1	1	32	2	5	1	132	49	49	4
1	2	2	8	34	2	5	1	133	49	49	5
1	2	2	8	33	2	5	1	134	49	49	6
1	2	2	8	35	2	5	1	135	49	49	7
1	2	2	8	36	2	5	1	136	49	49	8
1	2	1	1	27	2	5	1	137	49	49	9
1	2	1	1	28	2	5	1	138	49	49	10
1	2	1	1	26	2	5	1	139	49	49	11
1	2	1	1	25	2	5	1	140	49	49	12
1	2	2	8	41	2	5	1	141	49	49	13
1	2	2	8	38	2	5	1	142	49	49	14
1	2	2	8	37	2	5	1	143	49	49	15
1	2	2	8	39	2	5	1	144	49	49	16
1	2	1	1	22	2	5	1	145	49	49	17
1	2	1	1	21	2	5	1	146	49	49	18
1	2	1	1	23	2	5	1	147	49	49	19
1	2	1	1	24	2	5	1	148	49	49	20
1	2	2	8	40	2	5	1	149	49	49	21
1	2	2	8	43	2	5	1	150	49	49	22
1	2	2	8	44	2	5	1	151	49	49	23
1	2	2	8	42	2	5	1	152	49	49	24
1	2	1	1	19	2	5	1	153	49	49	25
1	2	1	1	20	2	5	1	154	49	49	26
1	2	1	1	18	2	5	1	155	49	49	27
1	2	1	1	17	2	5	1	156	49	49	28
1	2	2	8	47	2	5	1	157	49	49	29
1	2	2	8	48	2	5	1	158	49	49	30
1	2	2	8	46	2	5	1	159	49	49	31
1	2	2	8	45	2	5	1	160	49	49	32
1	2	1	1	14	2	5	1	161	49	49	33
1	2	1	1	13	2	5	1	162	49	49	34
1	2	1	1	15	2	5	1	163	49	49	35
1	2	1	1	16	2	5	1	164	49	49	36
1	2	2	8	50	2	5	1	165	49	49	37
1	2	2	8	49	2	5	1	166	49	49	38
1	2	2	8	51	2	5	1	167	49	49	39
1	2	2	8	52	2	5	1	168	49	49	40
1	2	1	1	11	2	5	1	169	49	49	41
1	2	1	1	12	2	5	1	170	49	49	42
1	2	1	1	10	2	5	1	171	49	49	43
1	2	1	1	9	2	5	1	172	49	49	44
1	2	2	8	57	2	5	1	173	49	49	45
1	2	2	8	54	2	5	1	174	49	49	46
1	2	2	8	53	2	5	1	175	49	49	47
1	2	2	8	55	2	5	1	176	49	49	48
1	2	1	1	6	2	5	1	177	49	49	49
1	2	1	1	5	2	5	1	178	49	49	50
1	2	1	1	7	2	5	1	179	49	49	51
1	2	1	1	8	2	5	1	180	49	49	52
1	2	2	8	56	2	5	1	181	49	49	53
1	2	2	8	59	2	5	1	182	49	49	54
1	2	2	8	60	2	5	1	183	49	49	55
1	2	2	8	58	2	5	1	184	49	49	56
1	2	1	1	3	2	5	1	185	49	49	57
1	2	1	1	4	2	5	1	186	49	49	58
1	2	1	1	2	2	5	1	187	49	49	59
1	2	1	1	1	2	5	1	188	49	49	60
1	2	2	8	64	2	5	1	189	49	49	61
1	2	2	8	63	2	5	1	190	49	49	62
1	2	2	8	62	2	5	1	191	49	49	63
1	2	2	8	61	2	5	1	192	49	49	64
1	2	1	1	61	2	5	1	193	49	49	65
1	2	1	1	62	2	5	1	194	49	49	66
1	2	1	1	63	2	5	1	195	49	49	67
1	2	1	1	64	2	5	1	196	49	49	68
1	2	2	8	1	2	5	1	197	49	49	69
1	2	2	8	2	2	5	1	198	49	49	70
1	2	2	8	4	2	5	1	199	49	49	71
1	2	2	8	3	2	5	1	200	49	49	72
1	2	1	1	58	2	5	1	201	49	49	73
1	2	1	1	60	2	5	1	202	49	49	74
1	2	1	1	59	2	5	1	203	49	49	75
1	2	1	1	56	2	5	1	204	49	49	76
1	2	2	8	8	2	5	1	205	49	49	77
1	2	2	8	7	2	5	1	206	49	49	78
1	2	2	8	5	2	5	1	207	49	49	79
1	2	2	8	6	2	5	1	208	49	49	80
1	2	1	1	55	2	5	1	209	49	49	81
1	2	1	1	53	2	5	1	210	49	49	82
1	2	1	1	54	2	5	1	211	49	49	83
1	2	1	1	57	2	5	1	212	49	49	84
1	2	2	8	9	2	5	1	213	49	49	85
1	2	2	8	10	2	5	1	214	49	49	86
1	2	2	8	12	2	5	2	1	49	49	87
1	2	2	8	11	2	5	2	2	49	49	88
1	2	1	1	52	2	5	2	3	49	49	89
1	2	1	1	51	2	5	2	4	49	49	90
1	2	1	1	49	2	5	2	5	49	49	91
1	2	1	1	50	2	5	2	6	49	49	92
1	2	2	8	16	2	5	2	7	49	49	93
1	2	2	8	15	2	5	2	8	49	49	94
1	2	2	8	13	2	5	2	9	49	49	95
1	2	2	8	14	2	5	2	10	49	49	96
1	2	1	1	45	2	5	2	11	49	49	97
1	2	1	1	46	2	5	2	12	49	49	98
1	2	1	1	48	2	5	2	13	49	49	99
1	2	1	1	47	2	5	2	14	49	49	100
1	2	2	8	17	2	5	2	15	49	49	101
1	2	2	8	18	2	5	2	16	49	49	102
1	2	2	8	20	2	5	2	17	49	49	103
1	2	2	8	19	2	5	2	18	49	49	104
1	2	1	1	42	2	5	2	19	49	49	105
1	2	1	1	44	2	5	2	20	49	49	106
1	2	1	1	43	2	5	2	21	49	49	107
1	2	1	1	40	2	5	2	22	49	49	108
1	2	2	8	24	2	5	2	23	49	49	109
1	2	2	8	23	2	5	2	24	49	49	110
1	2	2	8	21	2	5	2	25	49	49	111
1	2	2	8	22	2	5	2	26	49	49	112
1	2	1	1	39	2	5	2	27	49	49	113
1	2	1	1	37	2	5	2	28	49	49	114
1	2	1	1	38	2	5	2	29	49	49	115
1	2	1	1	41	2	5	2	30	49	49	116
1	2	2	8	25	2	5	2	31	49	49	117
1	2	2	8	26	2	5	2	32	49	49	118
1	2	2	8	28	2	5	2	33	49	49	119
1	2	2	8	27	2	5	2	34	49	49	120
1	2	1	1	36	2	5	2	35	49	49	121
1	2	1	1	35	2	5	2	36	49	49	122
1	2	1	1	33	2	5	2	37	49	49	123
1	2	1	1	34	2	5	2	38	49	49	124
1	2	2	8	32	2	5	2	39	49	49	125
1	2	2	8	31	2	5	2	40	49	49	126
1	2	2	8	29	2	5	2	41	49	49	127
1	2	2	8	30	2	5	2	42	49	49	128
1	2	1	2	30	2	4	1	1	54	54	1
1	2	1	2	29	2	4	1	2	54	54	2
1	2	1	2	31	2	4	1	3	54	54	3
1	2	1	2	32	2	4	1	4	54	54	4
1	2	2	7	34	2	4	1	5	54	54	5
1	2	2	7	33	2	4	1	6	54	54	6
1	2	2	7	35	2	4	1	7	54	54	7
1	2	2	7	36	2	4	1	8	54	54	8
1	2	1	2	27	2	4	1	9	54	54	9
1	2	1	2	28	2	4	1	10	54	54	10
1	2	1	2	26	2	4	1	11	54	54	11
1	2	1	2	25	2	4	1	12	54	54	12
1	2	2	7	41	2	4	1	13	54	54	13
1	2	2	7	38	2	4	1	14	54	54	14
1	2	2	7	37	2	4	1	15	54	54	15
1	2	2	7	39	2	4	1	16	54	54	16
1	2	1	2	22	2	4	1	17	54	54	17
1	2	1	2	21	2	4	1	18	54	54	18
1	2	1	2	23	2	4	1	19	54	54	19
1	2	1	2	24	2	4	1	20	54	54	20
1	2	2	7	40	2	4	1	21	54	54	21
1	2	2	7	43	2	4	1	22	54	54	22
1	2	2	7	44	2	4	1	23	54	54	23
1	2	2	7	42	2	4	1	24	54	54	24
1	2	1	2	19	2	4	1	25	54	54	25
1	2	1	2	20	2	4	1	26	54	54	26
1	2	1	2	18	2	4	1	27	54	54	27
1	2	1	2	17	2	4	1	28	54	54	28
1	2	2	7	47	2	4	1	29	54	54	29
1	2	2	7	48	2	4	1	30	54	54	30
1	2	2	7	46	2	4	1	31	54	54	31
1	2	2	7	45	2	4	1	32	54	54	32
1	2	1	2	14	2	4	1	33	54	54	33
1	2	1	2	13	2	4	1	34	54	54	34
1	2	1	2	15	2	4	1	35	54	54	35
1	2	1	2	16	2	4	1	36	54	54	36
1	2	2	7	50	2	4	1	37	54	54	37
1	2	2	7	49	2	4	1	38	54	54	38
1	2	2	7	51	2	4	1	39	54	54	39
1	2	2	7	52	2	4	1	40	54	54	40
1	2	1	2	11	2	4	1	41	54	54	41
1	2	1	2	12	2	4	1	42	54	54	42
1	2	1	2	10	2	4	1	43	54	54	43
1	2	1	2	9	2	4	1	44	54	54	44
1	2	2	7	57	2	4	1	45	54	54	45
1	2	2	7	54	2	4	1	46	54	54	46
1	2	2	7	53	2	4	1	47	54	54	47
1	2	2	7	55	2	4	1	48	54	54	48
1	2	1	2	6	2	4	1	49	54	54	49
1	2	1	2	5	2	4	1	50	54	54	50
1	2	1	2	7	2	4	1	51	54	54	51
1	2	1	2	8	2	4	1	52	54	54	52
1	2	2	7	56	2	4	1	53	54	54	53
1	2	2	7	59	2	4	1	54	54	54	54
1	2	2	7	60	2	4	1	55	54	54	55
1	2	2	7	58	2	4	1	56	54	54	56
1	2	1	2	3	2	4	1	57	54	54	57
1	2	1	2	4	2	4	1	58	54	54	58
1	2	1	2	2	2	4	1	59	54	54	59
1	2	1	2	1	2	4	1	60	54	54	60
1	2	2	7	64	2	4	1	61	54	54	61
1	2	2	7	63	2	4	1	62	54	54	62
1	2	2	7	62	2	4	1	63	54	54	63
1	2	2	7	61	2	4	1	64	54	54	64
1	2	1	2	61	2	4	1	65	54	54	65
1	2	1	2	62	2	4	1	66	54	54	66
1	2	1	2	63	2	4	1	67	54	54	67
1	2	1	2	64	2	4	1	68	54	54	68
1	2	2	7	1	2	4	1	69	54	54	69
1	2	2	7	2	2	4	1	70	54	54	70
1	2	2	7	4	2	4	1	71	54	54	71
1	2	2	7	3	2	4	1	72	54	54	72
1	2	1	2	58	2	4	1	73	54	54	73
1	2	1	2	60	2	4	1	74	54	54	74
1	2	1	2	59	2	4	1	75	54	54	75
1	2	1	2	56	2	4	1	76	54	54	76
1	2	2	7	8	2	4	1	77	54	54	77
1	2	2	7	7	2	4	1	78	54	54	78
1	2	2	7	5	2	4	1	79	54	54	79
1	2	2	7	6	2	4	1	80	54	54	80
1	2	1	2	55	2	4	1	81	54	54	81
1	2	1	2	53	2	4	1	82	54	54	82
1	2	1	2	54	2	4	1	83	54	54	83
1	2	1	2	57	2	4	1	84	54	54	84
1	2	2	7	9	2	4	1	85	54	54	85
1	2	2	7	10	2	4	1	86	54	54	86
1	2	2	7	12	2	4	1	87	54	54	87
1	2	2	7	11	2	4	1	88	54	54	88
1	2	1	2	52	2	4	1	89	54	54	89
1	2	1	2	51	2	4	1	90	54	54	90
1	2	1	2	49	2	4	1	91	54	54	91
1	2	1	2	50	2	4	1	92	54	54	92
1	2	2	7	16	2	4	1	93	54	54	93
1	2	2	7	15	2	4	1	94	54	54	94
1	2	2	7	13	2	4	1	95	54	54	95
1	2	2	7	14	2	4	1	96	54	54	96
1	2	1	2	45	2	4	1	97	54	54	97
1	2	1	2	46	2	4	1	98	54	54	98
1	2	1	2	48	2	4	1	99	54	54	99
1	2	1	2	47	2	4	1	100	54	54	100
1	2	2	7	17	2	4	1	101	54	54	101
1	2	2	7	18	2	4	1	102	54	54	102
1	2	2	7	20	2	4	1	103	54	54	103
1	2	2	7	19	2	4	1	104	54	54	104
1	2	1	2	42	2	4	1	105	54	54	105
1	2	1	2	44	2	4	1	106	54	54	106
1	2	1	2	43	2	4	1	107	54	54	107
1	2	1	2	40	2	4	1	108	54	54	108
1	2	2	7	24	2	4	1	109	54	54	109
1	2	2	7	23	2	4	1	110	54	54	110
1	2	2	7	21	2	4	1	111	54	54	111
1	2	2	7	22	2	4	1	112	54	54	112
1	2	1	2	39	2	4	1	113	54	54	113
1	2	1	2	37	2	4	1	114	54	54	114
1	2	1	2	38	2	4	1	115	54	54	115
1	2	1	2	41	2	4	1	116	54	54	116
1	2	2	7	25	2	4	1	117	54	54	117
1	2	2	7	26	2	4	1	118	54	54	118
1	2	2	7	28	2	4	1	119	54	54	119
1	2	2	7	27	2	4	1	120	54	54	120
1	2	1	2	36	2	4	1	121	54	54	121
1	2	1	2	35	2	4	1	122	54	54	122
1	2	1	2	33	2	4	1	123	54	54	123
1	2	1	2	34	2	4	1	124	54	54	124
1	2	2	7	32	2	4	1	125	54	54	125
1	2	2	7	31	2	4	1	126	54	54	126
1	2	2	7	29	2	4	1	127	54	54	127
1	2	2	7	30	2	4	1	128	54	54	128
1	2	1	3	30	2	2	2	43	53	53	1
1	2	1	3	29	2	2	2	44	53	53	2
1	2	1	3	31	2	2	2	45	53	53	3
1	2	1	3	32	2	2	2	46	53	53	4
1	2	2	6	34	2	2	2	47	53	53	5
1	2	2	6	33	2	2	2	48	53	53	6
1	2	2	6	35	2	2	2	49	53	53	7
1	2	2	6	36	2	2	2	50	53	53	8
1	2	1	3	27	2	2	2	51	53	53	9
1	2	1	3	28	2	2	2	52	53	53	10
1	2	1	3	26	2	2	2	53	53	53	11
1	2	1	3	25	2	2	2	54	53	53	12
1	2	2	6	41	2	2	2	55	53	53	13
1	2	2	6	38	2	2	2	56	53	53	14
1	2	2	6	37	2	2	2	57	53	53	15
1	2	2	6	39	2	2	2	58	53	53	16
1	2	1	3	22	2	2	2	59	53	53	17
1	2	1	3	21	2	2	2	60	53	53	18
1	2	1	3	23	2	2	2	61	53	53	19
1	2	1	3	24	2	2	2	62	53	53	20
1	2	2	6	40	2	2	2	63	53	53	21
1	2	2	6	43	2	2	2	64	53	53	22
1	2	2	6	44	2	2	2	65	53	53	23
1	2	2	6	42	2	2	2	66	53	53	24
1	2	1	3	19	2	2	2	67	53	53	25
1	2	1	3	20	2	2	2	68	53	53	26
1	2	1	3	18	2	2	2	69	53	53	27
1	2	1	3	17	2	2	2	70	53	53	28
1	2	2	6	47	2	2	2	71	53	53	29
1	2	2	6	48	2	2	2	72	53	53	30
1	2	2	6	46	2	2	2	73	53	53	31
1	2	2	6	45	2	2	2	74	53	53	32
1	2	1	3	14	2	2	2	75	53	53	33
1	2	1	3	13	2	2	2	76	53	53	34
1	2	1	3	15	2	2	2	77	53	53	35
1	2	1	3	16	2	2	2	78	53	53	36
1	2	2	6	50	2	2	2	79	53	53	37
1	2	2	6	49	2	2	2	80	53	53	38
1	2	2	6	51	2	2	2	81	53	53	39
1	2	2	6	52	2	2	2	82	53	53	40
1	2	1	3	11	2	2	2	83	53	53	41
1	2	1	3	12	2	2	2	84	53	53	42
1	2	1	3	10	2	2	2	85	53	53	43
1	2	1	3	9	2	2	2	86	53	53	44
1	2	2	6	57	2	2	2	87	53	53	45
1	2	2	6	54	2	2	2	88	53	53	46
1	2	2	6	53	2	2	2	89	53	53	47
1	2	2	6	55	2	2	2	90	53	53	48
1	2	1	3	6	2	2	2	91	53	53	49
1	2	1	3	5	2	2	2	92	53	53	50
1	2	1	3	7	2	2	2	93	53	53	51
1	2	1	3	8	2	2	2	94	53	53	52
1	2	2	6	56	2	2	2	95	53	53	53
1	2	2	6	59	2	2	2	96	53	53	54
1	2	2	6	60	2	2	2	97	53	53	55
1	2	2	6	58	2	2	2	98	53	53	56
1	2	1	3	3	2	2	2	99	53	53	57
1	2	1	3	4	2	2	2	100	53	53	58
1	2	1	3	2	2	2	2	101	53	53	59
1	2	1	3	1	2	2	2	102	53	53	60
1	2	2	6	64	2	2	2	103	53	53	61
1	2	2	6	63	2	2	2	104	53	53	62
1	2	2	6	62	2	2	2	105	53	53	63
1	2	2	6	61	2	2	2	106	53	53	64
1	2	1	3	61	2	2	2	107	53	53	65
1	2	1	3	62	2	2	2	108	53	53	66
1	2	1	3	63	2	2	2	109	53	53	67
1	2	1	3	64	2	2	2	110	53	53	68
1	2	2	6	1	2	2	2	111	53	53	69
1	2	2	6	2	2	2	2	112	53	53	70
1	2	2	6	4	2	2	2	113	53	53	71
1	2	2	6	3	2	2	2	114	53	53	72
1	2	1	3	58	2	2	2	115	53	53	73
1	2	1	3	60	2	2	2	116	53	53	74
1	2	1	3	59	2	2	2	117	53	53	75
1	2	1	3	56	2	2	2	118	53	53	76
1	2	2	6	8	2	2	2	119	53	53	77
1	2	2	6	7	2	2	2	120	53	53	78
1	2	2	6	5	2	2	2	121	53	53	79
1	2	2	6	6	2	2	2	122	53	53	80
1	2	1	3	55	2	2	2	123	53	53	81
1	2	1	3	53	2	2	2	124	53	53	82
1	2	1	3	54	2	2	2	125	53	53	83
1	2	1	3	57	2	2	2	126	53	53	84
1	2	2	6	9	2	2	2	127	53	53	85
1	2	2	6	10	2	2	2	128	53	53	86
1	2	2	6	12	2	2	2	129	53	53	87
1	2	2	6	11	2	2	2	130	53	53	88
1	2	1	3	52	2	2	2	131	53	53	89
1	2	1	3	51	2	2	2	132	53	53	90
1	2	1	3	49	2	2	2	133	53	53	91
1	2	1	3	50	2	2	2	134	53	53	92
1	2	2	6	16	2	2	2	135	53	53	93
1	2	2	6	15	2	2	2	136	53	53	94
1	2	2	6	13	2	2	2	137	53	53	95
1	2	2	6	14	2	2	2	138	53	53	96
1	2	1	3	45	2	2	2	139	53	53	97
1	2	1	3	46	2	2	2	140	53	53	98
1	2	1	3	48	2	2	2	141	53	53	99
1	2	1	3	47	2	2	2	142	53	53	100
1	2	2	6	17	2	2	2	143	53	53	101
1	2	2	6	18	2	2	2	144	53	53	102
1	2	2	6	20	2	2	2	145	53	53	103
1	2	2	6	19	2	2	2	146	53	53	104
1	2	1	3	42	2	2	2	147	53	53	105
1	2	1	3	44	2	2	2	148	53	53	106
1	2	1	3	43	2	2	2	149	53	53	107
1	2	1	3	40	2	2	2	150	53	53	108
1	2	2	6	24	2	2	2	151	53	53	109
1	2	2	6	23	2	2	2	152	53	53	110
1	2	2	6	21	2	2	2	153	53	53	111
1	2	2	6	22	2	2	2	154	53	53	112
1	2	1	3	39	2	2	2	155	53	53	113
1	2	1	3	37	2	2	2	156	53	53	114
1	2	1	3	38	2	2	2	157	53	53	115
1	2	1	3	41	2	2	2	158	53	53	116
1	2	2	6	25	2	2	2	159	53	53	117
1	2	2	6	26	2	2	2	160	53	53	118
1	2	2	6	28	2	2	2	161	53	53	119
1	2	2	6	27	2	2	2	162	53	53	120
1	2	1	3	36	2	2	2	163	53	53	121
1	2	1	3	35	2	2	2	164	53	53	122
1	2	1	3	33	2	2	2	165	53	53	123
1	2	1	3	34	2	2	2	166	53	53	124
1	2	2	6	32	2	2	2	167	53	53	125
1	2	2	6	31	2	2	2	168	53	53	126
1	2	2	6	29	2	2	2	169	53	53	127
1	2	2	6	30	2	2	2	170	53	53	128
1	2	1	4	30	2	4	2	171	44	44	1
1	2	1	4	29	2	4	2	172	44	44	2
1	2	1	4	31	2	4	2	173	44	44	3
1	2	1	4	32	2	4	2	174	44	44	4
1	2	2	5	34	2	4	2	175	44	44	5
1	2	2	5	33	2	4	2	176	44	44	6
1	2	2	5	35	2	4	2	177	44	44	7
1	2	2	5	36	2	4	2	178	44	44	8
1	2	1	4	27	2	4	2	179	44	44	9
1	2	1	4	28	2	4	2	180	44	44	10
1	2	1	4	26	2	4	2	181	44	44	11
1	2	1	4	25	2	4	2	182	44	44	12
1	2	2	5	41	2	4	2	183	44	44	13
1	2	2	5	38	2	4	2	184	44	44	14
1	2	2	5	37	2	4	2	185	44	44	15
1	2	2	5	39	2	4	2	186	44	44	16
1	2	1	4	22	2	4	2	187	44	44	17
1	2	1	4	21	2	4	2	188	44	44	18
1	2	1	4	23	2	4	2	189	44	44	19
1	2	1	4	24	2	4	2	190	44	44	20
1	2	2	5	40	2	4	2	191	44	44	21
1	2	2	5	43	2	4	2	192	44	44	22
1	2	2	5	44	2	4	2	193	44	44	23
1	2	2	5	42	2	4	2	194	44	44	24
1	2	1	4	19	2	4	2	195	44	44	25
1	2	1	4	20	2	4	2	196	44	44	26
1	2	1	4	18	2	4	2	197	44	44	27
1	2	1	4	17	2	4	2	198	44	44	28
1	2	2	5	47	2	4	2	199	44	44	29
1	2	2	5	48	2	4	2	200	44	44	30
1	2	2	5	46	2	4	2	201	44	44	31
1	2	2	5	45	2	4	2	202	44	44	32
1	2	1	4	14	2	4	2	203	44	44	33
1	2	1	4	13	2	4	2	204	44	44	34
1	2	1	4	15	2	4	2	205	44	44	35
1	2	1	4	16	2	4	2	206	44	44	36
1	2	2	5	50	2	4	2	207	44	44	37
1	2	2	5	49	2	4	2	208	44	44	38
1	2	2	5	51	2	4	2	209	44	44	39
1	2	2	5	52	2	4	2	210	44	44	40
1	2	1	4	11	2	4	2	211	44	44	41
1	2	1	4	12	2	4	2	212	44	44	42
1	2	1	4	10	2	4	3	1	44	44	43
1	2	1	4	9	2	4	3	2	44	44	44
1	2	2	5	57	2	4	3	3	44	44	45
1	2	2	5	54	2	4	3	4	44	44	46
1	2	2	5	53	2	4	3	5	44	44	47
1	2	2	5	55	2	4	3	6	44	44	48
1	2	1	4	6	2	4	3	7	44	44	49
1	2	1	4	5	2	4	3	8	44	44	50
1	2	1	4	7	2	4	3	9	44	44	51
1	2	1	4	8	2	4	3	10	44	44	52
1	2	2	5	56	2	4	3	11	44	44	53
1	2	2	5	59	2	4	3	12	44	44	54
1	2	2	5	60	2	4	3	13	44	44	55
1	2	2	5	58	2	4	3	14	44	44	56
1	2	1	4	3	2	4	3	15	44	44	57
1	2	1	4	4	2	4	3	16	44	44	58
1	2	1	4	2	2	4	3	17	44	44	59
1	2	1	4	1	2	4	3	18	44	44	60
1	2	2	5	64	2	4	3	19	44	44	61
1	2	2	5	63	2	4	3	20	44	44	62
1	2	2	5	62	2	4	3	21	44	44	63
1	2	2	5	61	2	4	3	22	44	44	64
1	2	1	4	61	2	4	3	23	44	44	65
1	2	1	4	62	2	4	3	24	44	44	66
1	2	1	4	63	2	4	3	25	44	44	67
1	2	1	4	64	2	4	3	26	44	44	68
1	2	2	5	1	2	4	3	27	44	44	69
1	2	2	5	2	2	4	3	28	44	44	70
1	2	2	5	4	2	4	3	29	44	44	71
1	2	2	5	3	2	4	3	30	44	44	72
1	2	1	4	58	2	4	3	31	44	44	73
1	2	1	4	60	2	4	3	32	44	44	74
1	2	1	4	59	2	4	3	33	44	44	75
1	2	1	4	56	2	4	3	34	44	44	76
1	2	2	5	8	2	4	3	35	44	44	77
1	2	2	5	7	2	4	3	36	44	44	78
1	2	2	5	5	2	4	3	37	44	44	79
1	2	2	5	6	2	4	3	38	44	44	80
1	2	1	4	55	2	4	3	39	44	44	81
1	2	1	4	53	2	4	3	40	44	44	82
1	2	1	4	54	2	4	3	41	44	44	83
1	2	1	4	57	2	4	3	42	44	44	84
1	2	2	5	9	2	4	3	43	44	44	85
1	2	2	5	10	2	4	3	44	44	44	86
1	2	2	5	12	2	4	3	45	44	44	87
1	2	2	5	11	2	4	3	46	44	44	88
1	2	1	4	52	2	4	3	47	44	44	89
1	2	1	4	51	2	4	3	48	44	44	90
1	2	1	4	49	2	4	3	49	44	44	91
1	2	1	4	50	2	4	3	50	44	44	92
1	2	2	5	16	2	4	3	51	44	44	93
1	2	2	5	15	2	4	3	52	44	44	94
1	2	2	5	13	2	4	3	53	44	44	95
1	2	2	5	14	2	4	3	54	44	44	96
1	2	1	4	45	2	4	3	55	44	44	97
1	2	1	4	46	2	4	3	56	44	44	98
1	2	1	4	48	2	4	3	57	44	44	99
1	2	1	4	47	2	4	3	58	44	44	100
1	2	2	5	17	2	4	3	59	44	44	101
1	2	2	5	18	2	4	3	60	44	44	102
1	2	2	5	20	2	4	3	61	44	44	103
1	2	2	5	19	2	4	3	62	44	44	104
1	2	1	4	42	2	4	3	63	44	44	105
1	2	1	4	44	2	4	3	64	44	44	106
1	2	1	4	43	2	4	3	65	44	44	107
1	2	1	4	40	2	4	3	66	44	44	108
1	2	2	5	24	2	4	3	67	44	44	109
1	2	2	5	23	2	4	3	68	44	44	110
1	2	2	5	21	2	4	3	69	44	44	111
1	2	2	5	22	2	4	3	70	44	44	112
1	2	1	4	39	2	4	3	71	44	44	113
1	2	1	4	37	2	4	3	72	44	44	114
1	2	1	4	38	2	4	3	73	44	44	115
1	2	1	4	41	2	4	3	74	44	44	116
1	2	2	5	25	2	4	3	75	44	44	117
1	2	2	5	26	2	4	3	76	44	44	118
1	2	2	5	28	2	4	3	77	44	44	119
1	2	2	5	27	2	4	3	78	44	44	120
1	2	1	4	36	2	4	3	79	44	44	121
1	2	1	4	35	2	4	3	80	44	44	122
1	2	1	4	33	2	4	3	81	44	44	123
1	2	1	4	34	2	4	3	82	44	44	124
1	2	2	5	32	2	4	3	83	44	44	125
1	2	2	5	31	2	4	3	84	44	44	126
1	2	2	5	29	2	4	3	85	44	44	127
1	2	2	5	30	2	4	3	86	44	44	128
1	2	1	5	30	2	5	3	87	40	40	1
1	2	1	5	29	2	5	3	88	40	40	2
1	2	1	5	31	2	5	3	89	40	40	3
1	2	1	5	32	2	5	3	90	40	40	4
1	2	2	4	34	2	5	3	91	40	40	5
1	2	2	4	33	2	5	3	92	40	40	6
1	2	2	4	35	2	5	3	93	40	40	7
1	2	2	4	36	2	5	3	94	40	40	8
1	2	1	5	27	2	5	3	95	40	40	9
1	2	1	5	28	2	5	3	96	40	40	10
1	2	1	5	26	2	5	3	97	40	40	11
1	2	1	5	25	2	5	3	98	40	40	12
1	2	2	4	41	2	5	3	99	40	40	13
1	2	2	4	38	2	5	3	100	40	40	14
1	2	2	4	37	2	5	3	101	40	40	15
1	2	2	4	39	2	5	3	102	40	40	16
1	2	1	5	22	2	5	3	103	40	40	17
1	2	1	5	21	2	5	3	104	40	40	18
1	2	1	5	23	2	5	3	105	40	40	19
1	2	1	5	24	2	5	3	106	40	40	20
1	2	2	4	40	2	5	3	107	40	40	21
1	2	2	4	43	2	5	3	108	40	40	22
1	2	2	4	44	2	5	3	109	40	40	23
1	2	2	4	42	2	5	3	110	40	40	24
1	2	1	5	19	2	5	3	111	40	40	25
1	2	1	5	20	2	5	3	112	40	40	26
1	2	1	5	18	2	5	3	113	40	40	27
1	2	1	5	17	2	5	3	114	40	40	28
1	2	2	4	47	2	5	3	115	40	40	29
1	2	2	4	48	2	5	3	116	40	40	30
1	2	2	4	46	2	5	3	117	40	40	31
1	2	2	4	45	2	5	3	118	40	40	32
1	2	1	5	14	2	5	3	119	40	40	33
1	2	1	5	13	2	5	3	120	40	40	34
1	2	1	5	15	2	5	3	121	40	40	35
1	2	1	5	16	2	5	3	122	40	40	36
1	2	2	4	50	2	5	3	123	40	40	37
1	2	2	4	49	2	5	3	124	40	40	38
1	2	2	4	51	2	5	3	125	40	40	39
1	2	2	4	52	2	5	3	126	40	40	40
1	2	1	5	11	2	5	3	127	40	40	41
1	2	1	5	12	2	5	3	128	40	40	42
1	2	1	5	10	2	5	3	129	40	40	43
1	2	1	5	9	2	5	3	130	40	40	44
1	2	2	4	57	2	5	3	131	40	40	45
1	2	2	4	54	2	5	3	132	40	40	46
1	2	2	4	53	2	5	3	133	40	40	47
1	2	2	4	55	2	5	3	134	40	40	48
1	2	1	5	6	2	5	3	135	40	40	49
1	2	1	5	5	2	5	3	136	40	40	50
1	2	1	5	7	2	5	3	137	40	40	51
1	2	1	5	8	2	5	3	138	40	40	52
1	2	2	4	56	2	5	3	139	40	40	53
1	2	2	4	59	2	5	3	140	40	40	54
1	2	2	4	60	2	5	3	141	40	40	55
1	2	2	4	58	2	5	3	142	40	40	56
1	2	1	5	3	2	5	3	143	40	40	57
1	2	1	5	4	2	5	3	144	40	40	58
1	2	1	5	2	2	5	3	145	40	40	59
1	2	1	5	1	2	5	3	146	40	40	60
1	2	2	4	64	2	5	3	147	40	40	61
1	2	2	4	63	2	5	3	148	40	40	62
1	2	2	4	62	2	5	3	149	40	40	63
1	2	2	4	61	2	5	3	150	40	40	64
1	2	1	5	61	2	5	3	151	40	40	65
1	2	1	5	62	2	5	3	152	40	40	66
1	2	1	5	63	2	5	3	153	40	40	67
1	2	1	5	64	2	5	3	154	40	40	68
1	2	2	4	1	2	5	3	155	40	40	69
1	2	2	4	2	2	5	3	156	40	40	70
1	2	2	4	4	2	5	3	157	40	40	71
1	2	2	4	3	2	5	3	158	40	40	72
1	2	1	5	58	2	5	3	159	40	40	73
1	2	1	5	60	2	5	3	160	40	40	74
1	2	1	5	59	2	5	3	161	40	40	75
1	2	1	5	56	2	5	3	162	40	40	76
1	2	2	4	8	2	5	3	163	40	40	77
1	2	2	4	7	2	5	3	164	40	40	78
1	2	2	4	5	2	5	3	165	40	40	79
1	2	2	4	6	2	5	3	166	40	40	80
1	2	1	5	55	2	5	3	167	40	40	81
1	2	1	5	53	2	5	3	168	40	40	82
1	2	1	5	54	2	5	3	169	40	40	83
1	2	1	5	57	2	5	3	170	40	40	84
1	2	2	4	9	2	5	3	171	40	40	85
1	2	2	4	10	2	5	3	172	40	40	86
1	2	2	4	12	2	5	3	173	40	40	87
1	2	2	4	11	2	5	3	174	40	40	88
1	2	1	5	52	2	5	3	175	40	40	89
1	2	1	5	51	2	5	3	176	40	40	90
1	2	1	5	49	2	5	3	177	40	40	91
1	2	1	5	50	2	5	3	178	40	40	92
1	2	2	4	16	2	5	3	179	40	40	93
1	2	2	4	15	2	5	3	180	40	40	94
1	2	2	4	13	2	5	3	181	40	40	95
1	2	2	4	14	2	5	3	182	40	40	96
1	2	1	5	45	2	5	3	183	40	40	97
1	2	1	5	46	2	5	3	184	40	40	98
1	2	1	5	48	2	5	3	185	40	40	99
1	2	1	5	47	2	5	3	186	40	40	100
1	2	2	4	17	2	5	3	187	40	40	101
1	2	2	4	18	2	5	3	188	40	40	102
1	2	2	4	20	2	5	3	189	40	40	103
1	2	2	4	19	2	5	3	190	40	40	104
1	2	1	5	42	2	5	3	191	40	40	105
1	2	1	5	44	2	5	3	192	40	40	106
1	2	1	5	43	2	5	3	193	40	40	107
1	2	1	5	40	2	5	3	194	40	40	108
1	2	2	4	24	2	5	3	195	40	40	109
1	2	2	4	23	2	5	3	196	40	40	110
1	2	2	4	21	2	5	3	197	40	40	111
1	2	2	4	22	2	5	3	198	40	40	112
1	2	1	5	39	2	5	3	199	40	40	113
1	2	1	5	37	2	5	3	200	40	40	114
1	2	1	5	38	2	5	3	201	40	40	115
1	2	1	5	41	2	5	3	202	40	40	116
1	2	2	4	25	2	5	3	203	40	40	117
1	2	2	4	26	2	5	3	204	40	40	118
1	2	2	4	28	2	5	3	205	40	40	119
1	2	2	4	27	2	5	3	206	40	40	120
1	2	1	5	36	2	5	3	207	40	40	121
1	2	1	5	35	2	5	3	208	40	40	122
1	2	1	5	33	2	5	3	209	40	40	123
1	2	1	5	34	2	5	3	210	40	40	124
1	2	2	4	32	2	5	3	211	40	40	125
1	2	2	4	31	2	5	3	212	40	40	126
1	2	2	4	29	2	5	3	213	40	40	127
1	2	2	4	30	2	5	3	214	40	40	128
1	2	1	7	30	2	4	1	129	42	42	1
1	2	1	7	29	2	4	1	130	42	42	2
1	2	1	7	31	2	4	1	131	42	42	3
1	2	1	7	32	2	4	1	132	42	42	4
1	2	2	2	34	2	4	1	133	42	42	5
1	2	2	2	33	2	4	1	134	42	42	6
1	2	2	2	35	2	4	1	135	42	42	7
1	2	2	2	36	2	4	1	136	42	42	8
1	2	1	7	27	2	4	1	137	42	42	9
1	2	1	7	28	2	4	1	138	42	42	10
1	2	1	7	26	2	4	1	139	42	42	11
1	2	1	7	25	2	4	1	140	42	42	12
1	2	2	2	41	2	4	1	141	42	42	13
1	2	2	2	38	2	4	1	142	42	42	14
1	2	2	2	37	2	4	1	143	42	42	15
1	2	2	2	39	2	4	1	144	42	42	16
1	2	1	7	22	2	4	1	145	42	42	17
1	2	1	7	21	2	4	1	146	42	42	18
1	2	1	7	23	2	4	1	147	42	42	19
1	2	1	7	24	2	4	1	148	42	42	20
1	2	2	2	40	2	4	1	149	42	42	21
1	2	2	2	43	2	4	1	150	42	42	22
1	2	2	2	44	2	4	1	151	42	42	23
1	2	2	2	42	2	4	1	152	42	42	24
1	2	1	7	19	2	4	1	153	42	42	25
1	2	1	7	20	2	4	1	154	42	42	26
1	2	1	7	18	2	4	1	155	42	42	27
1	2	1	7	17	2	4	1	156	42	42	28
1	2	2	2	47	2	4	1	157	42	42	29
1	2	2	2	48	2	4	1	158	42	42	30
1	2	2	2	46	2	4	1	159	42	42	31
1	2	2	2	45	2	4	1	160	42	42	32
1	2	1	7	14	2	4	1	161	42	42	33
1	2	1	7	13	2	4	1	162	42	42	34
1	2	1	7	15	2	4	1	163	42	42	35
1	2	1	7	16	2	4	1	164	42	42	36
1	2	2	2	50	2	4	1	165	42	42	37
1	2	2	2	49	2	4	1	166	42	42	38
1	2	2	2	51	2	4	1	167	42	42	39
1	2	2	2	52	2	4	1	168	42	42	40
1	2	1	7	11	2	4	1	169	42	42	41
1	2	1	7	12	2	4	1	170	42	42	42
1	2	1	7	10	2	4	1	171	42	42	43
1	2	1	7	9	2	4	1	172	42	42	44
1	2	2	2	57	2	4	1	173	42	42	45
1	2	2	2	54	2	4	1	174	42	42	46
1	2	2	2	53	2	4	1	175	42	42	47
1	2	2	2	55	2	4	1	176	42	42	48
1	2	1	7	6	2	4	1	177	42	42	49
1	2	1	7	5	2	4	1	178	42	42	50
1	2	1	7	7	2	4	1	179	42	42	51
1	2	1	7	8	2	4	1	180	42	42	52
1	2	2	2	56	2	4	1	181	42	42	53
1	2	2	2	59	2	4	1	182	42	42	54
1	2	2	2	60	2	4	1	183	42	42	55
1	2	2	2	58	2	4	1	184	42	42	56
1	2	1	7	3	2	4	1	185	42	42	57
1	2	1	7	4	2	4	1	186	42	42	58
1	2	1	7	2	2	4	1	187	42	42	59
1	2	1	7	1	2	4	1	188	42	42	60
1	2	2	2	64	2	4	1	189	42	42	61
1	2	2	2	63	2	4	1	190	42	42	62
1	2	2	2	62	2	4	1	191	42	42	63
1	2	2	2	61	2	4	1	192	42	42	64
1	2	1	7	61	2	4	1	193	42	42	65
1	2	1	7	62	2	4	1	194	42	42	66
1	2	1	7	63	2	4	1	195	42	42	67
1	2	1	7	64	2	4	1	196	42	42	68
1	2	2	2	1	2	4	1	197	42	42	69
1	2	2	2	2	2	4	1	198	42	42	70
1	2	2	2	4	2	4	1	199	42	42	71
1	2	2	2	3	2	4	1	200	42	42	72
1	2	1	7	58	2	4	1	201	42	42	73
1	2	1	7	60	2	4	1	202	42	42	74
1	2	1	7	59	2	4	1	203	42	42	75
1	2	1	7	56	2	4	1	204	42	42	76
1	2	2	2	8	2	4	1	205	42	42	77
1	2	2	2	7	2	4	1	206	42	42	78
1	2	2	2	5	2	4	1	207	42	42	79
1	2	2	2	6	2	4	1	208	42	42	80
1	2	1	7	55	2	4	1	209	42	42	81
1	2	1	7	53	2	4	1	210	42	42	82
1	2	1	7	54	2	4	1	211	42	42	83
1	2	1	7	57	2	4	1	212	42	42	84
1	2	2	2	9	2	4	1	213	42	42	85
1	2	2	2	10	2	4	1	214	42	42	86
1	2	2	2	12	2	4	2	1	42	42	87
1	2	2	2	11	2	4	2	2	42	42	88
1	2	1	7	52	2	4	2	3	42	42	89
1	2	1	7	51	2	4	2	4	42	42	90
1	2	1	7	49	2	4	2	5	42	42	91
1	2	1	7	50	2	4	2	6	42	42	92
1	2	2	2	16	2	4	2	7	42	42	93
1	2	2	2	15	2	4	2	8	42	42	94
1	2	2	2	13	2	4	2	9	42	42	95
1	2	2	2	14	2	4	2	10	42	42	96
1	2	1	7	45	2	4	2	11	42	42	97
1	2	1	7	46	2	4	2	12	42	42	98
1	2	1	7	48	2	4	2	13	42	42	99
1	2	1	7	47	2	4	2	14	42	42	100
1	2	2	2	17	2	4	2	15	42	42	101
1	2	2	2	18	2	4	2	16	42	42	102
1	2	2	2	20	2	4	2	17	42	42	103
1	2	2	2	19	2	4	2	18	42	42	104
1	2	1	7	42	2	4	2	19	42	42	105
1	2	1	7	44	2	4	2	20	42	42	106
1	2	1	7	43	2	4	2	21	42	42	107
1	2	1	7	40	2	4	2	22	42	42	108
1	2	2	2	24	2	4	2	23	42	42	109
1	2	2	2	23	2	4	2	24	42	42	110
1	2	2	2	21	2	4	2	25	42	42	111
1	2	2	2	22	2	4	2	26	42	42	112
1	2	1	7	39	2	4	2	27	42	42	113
1	2	1	7	37	2	4	2	28	42	42	114
1	2	1	7	38	2	4	2	29	42	42	115
1	2	1	7	41	2	4	2	30	42	42	116
1	2	2	2	25	2	4	2	31	42	42	117
1	2	2	2	26	2	4	2	32	42	42	118
1	2	2	2	28	2	4	2	33	42	42	119
1	2	2	2	27	2	4	2	34	42	42	120
1	2	1	7	36	2	4	2	35	42	42	121
1	2	1	7	35	2	4	2	36	42	42	122
1	2	1	7	33	2	4	2	37	42	42	123
1	2	1	7	34	2	4	2	38	42	42	124
1	2	2	2	32	2	4	2	39	42	42	125
1	2	2	2	31	2	4	2	40	42	42	126
1	2	2	2	29	2	4	2	41	42	42	127
1	2	2	2	30	2	4	2	42	42	42	128
1	2	1	8	30	2	4	2	43	43	43	1
1	2	1	8	29	2	4	2	44	43	43	2
1	2	1	8	31	2	4	2	45	43	43	3
1	2	1	8	32	2	4	2	46	43	43	4
1	2	2	1	34	2	4	2	47	43	43	5
1	2	2	1	33	2	4	2	48	43	43	6
1	2	2	1	35	2	4	2	49	43	43	7
1	2	2	1	36	2	4	2	50	43	43	8
1	2	1	8	27	2	4	2	51	43	43	9
1	2	1	8	28	2	4	2	52	43	43	10
1	2	1	8	26	2	4	2	53	43	43	11
1	2	1	8	25	2	4	2	54	43	43	12
1	2	2	1	41	2	4	2	55	43	43	13
1	2	2	1	38	2	4	2	56	43	43	14
1	2	2	1	37	2	4	2	57	43	43	15
1	2	2	1	39	2	4	2	58	43	43	16
1	2	1	8	22	2	4	2	59	43	43	17
1	2	1	8	21	2	4	2	60	43	43	18
1	2	1	8	23	2	4	2	61	43	43	19
1	2	1	8	24	2	4	2	62	43	43	20
1	2	2	1	40	2	4	2	63	43	43	21
1	2	2	1	43	2	4	2	64	43	43	22
1	2	2	1	44	2	4	2	65	43	43	23
1	2	2	1	42	2	4	2	66	43	43	24
1	2	1	8	19	2	4	2	67	43	43	25
1	2	1	8	20	2	4	2	68	43	43	26
1	2	1	8	18	2	4	2	69	43	43	27
1	2	1	8	17	2	4	2	70	43	43	28
1	2	2	1	47	2	4	2	71	43	43	29
1	2	2	1	48	2	4	2	72	43	43	30
1	2	2	1	46	2	4	2	73	43	43	31
1	2	2	1	45	2	4	2	74	43	43	32
1	2	1	8	14	2	4	2	75	43	43	33
1	2	1	8	13	2	4	2	76	43	43	34
1	2	1	8	15	2	4	2	77	43	43	35
1	2	1	8	16	2	4	2	78	43	43	36
1	2	2	1	50	2	4	2	79	43	43	37
1	2	2	1	49	2	4	2	80	43	43	38
1	2	2	1	51	2	4	2	81	43	43	39
1	2	2	1	52	2	4	2	82	43	43	40
1	2	1	8	11	2	4	2	83	43	43	41
1	2	1	8	12	2	4	2	84	43	43	42
1	2	1	8	10	2	4	2	85	43	43	43
1	2	1	8	9	2	4	2	86	43	43	44
1	2	2	1	57	2	4	2	87	43	43	45
1	2	2	1	54	2	4	2	88	43	43	46
1	2	2	1	53	2	4	2	89	43	43	47
1	2	2	1	55	2	4	2	90	43	43	48
1	2	1	8	6	2	4	2	91	43	43	49
1	2	1	8	5	2	4	2	92	43	43	50
1	2	1	8	7	2	4	2	93	43	43	51
1	2	1	8	8	2	4	2	94	43	43	52
1	2	2	1	56	2	4	2	95	43	43	53
1	2	2	1	59	2	4	2	96	43	43	54
1	2	2	1	60	2	4	2	97	43	43	55
1	2	2	1	58	2	4	2	98	43	43	56
1	2	1	8	3	2	4	2	99	43	43	57
1	2	1	8	4	2	4	2	100	43	43	58
1	2	1	8	2	2	4	2	101	43	43	59
1	2	1	8	1	2	4	2	102	43	43	60
1	2	2	1	64	2	4	2	103	43	43	61
1	2	2	1	63	2	4	2	104	43	43	62
1	2	2	1	62	2	4	2	105	43	43	63
1	2	2	1	61	2	4	2	106	43	43	64
1	2	1	8	61	2	4	2	107	43	43	65
1	2	1	8	62	2	4	2	108	43	43	66
1	2	1	8	63	2	4	2	109	43	43	67
1	2	1	8	64	2	4	2	110	43	43	68
1	2	2	1	1	2	4	2	111	43	43	69
1	2	2	1	2	2	4	2	112	43	43	70
1	2	2	1	4	2	4	2	113	43	43	71
1	2	2	1	3	2	4	2	114	43	43	72
1	2	1	8	58	2	4	2	115	43	43	73
1	2	1	8	60	2	4	2	116	43	43	74
1	2	1	8	59	2	4	2	117	43	43	75
1	2	1	8	56	2	4	2	118	43	43	76
1	2	2	1	8	2	4	2	119	43	43	77
1	2	2	1	7	2	4	2	120	43	43	78
1	2	2	1	5	2	4	2	121	43	43	79
1	2	2	1	6	2	4	2	122	43	43	80
1	2	1	8	55	2	4	2	123	43	43	81
1	2	1	8	53	2	4	2	124	43	43	82
1	2	1	8	54	2	4	2	125	43	43	83
1	2	1	8	57	2	4	2	126	43	43	84
1	2	2	1	9	2	4	2	127	43	43	85
1	2	2	1	10	2	4	2	128	43	43	86
1	2	2	1	12	2	4	2	129	43	43	87
1	2	2	1	11	2	4	2	130	43	43	88
1	2	1	8	52	2	4	2	131	43	43	89
1	2	1	8	51	2	4	2	132	43	43	90
1	2	1	8	49	2	4	2	133	43	43	91
1	2	1	8	50	2	4	2	134	43	43	92
1	2	2	1	16	2	4	2	135	43	43	93
1	2	2	1	15	2	4	2	136	43	43	94
1	2	2	1	13	2	4	2	137	43	43	95
1	2	2	1	14	2	4	2	138	43	43	96
1	2	1	8	45	2	4	2	139	43	43	97
1	2	1	8	46	2	4	2	140	43	43	98
1	2	1	8	48	2	4	2	141	43	43	99
1	2	1	8	47	2	4	2	142	43	43	100
1	2	2	1	17	2	4	2	143	43	43	101
1	2	2	1	18	2	4	2	144	43	43	102
1	2	2	1	20	2	4	2	145	43	43	103
1	2	2	1	19	2	4	2	146	43	43	104
1	2	1	8	42	2	4	2	147	43	43	105
1	2	1	8	44	2	4	2	148	43	43	106
1	2	1	8	43	2	4	2	149	43	43	107
1	2	1	8	40	2	4	2	150	43	43	108
1	2	2	1	24	2	4	2	151	43	43	109
1	2	2	1	23	2	4	2	152	43	43	110
1	2	2	1	21	2	4	2	153	43	43	111
1	2	2	1	22	2	4	2	154	43	43	112
1	2	1	8	39	2	4	2	155	43	43	113
1	2	1	8	37	2	4	2	156	43	43	114
1	2	1	8	38	2	4	2	157	43	43	115
1	2	1	8	41	2	4	2	158	43	43	116
1	2	2	1	25	2	4	2	159	43	43	117
1	2	2	1	26	2	4	2	160	43	43	118
1	2	2	1	28	2	4	2	161	43	43	119
1	2	2	1	27	2	4	2	162	43	43	120
1	2	1	8	36	2	4	2	163	43	43	121
1	2	1	8	35	2	4	2	164	43	43	122
1	2	1	8	33	2	4	2	165	43	43	123
1	2	1	8	34	2	4	2	166	43	43	124
1	2	2	1	32	2	4	2	167	43	43	125
1	2	2	1	31	2	4	2	168	43	43	126
1	2	2	1	29	2	4	2	169	43	43	127
1	2	2	1	30	2	4	2	170	43	43	128
2	1	1	1	30	2	3	2	171	37	37	1
2	1	1	1	29	2	3	2	172	37	37	2
2	1	1	1	31	2	3	2	173	37	37	3
2	1	1	1	32	2	3	2	174	37	37	4
2	1	2	8	34	2	3	2	175	37	37	5
2	1	2	8	33	2	3	2	176	37	37	6
2	1	2	8	35	2	3	2	177	37	37	7
2	1	2	8	36	2	3	2	178	37	37	8
2	1	1	1	27	2	3	2	179	37	37	9
2	1	1	1	28	2	3	2	180	37	37	10
2	1	1	1	26	2	3	2	181	37	37	11
2	1	1	1	25	2	3	2	182	37	37	12
2	1	2	8	41	2	3	2	183	37	37	13
2	1	2	8	38	2	3	2	184	37	37	14
2	1	2	8	37	2	3	2	185	37	37	15
2	1	2	8	39	2	3	2	186	37	37	16
2	1	1	1	22	2	3	2	187	37	37	17
2	1	1	1	21	2	3	2	188	37	37	18
2	1	1	1	23	2	3	2	189	37	37	19
2	1	1	1	24	2	3	2	190	37	37	20
2	1	2	8	40	2	3	2	191	37	37	21
2	1	2	8	43	2	3	2	192	37	37	22
2	1	2	8	44	2	3	2	193	37	37	23
2	1	2	8	42	2	3	2	194	37	37	24
2	1	1	1	19	2	3	2	195	37	37	25
2	1	1	1	20	2	3	2	196	37	37	26
2	1	1	1	18	2	3	2	197	37	37	27
2	1	1	1	17	2	3	2	198	37	37	28
2	1	2	8	47	2	3	2	199	37	37	29
2	1	2	8	48	2	3	2	200	37	37	30
2	1	2	8	46	2	3	2	201	37	37	31
2	1	2	8	45	2	3	2	202	37	37	32
2	1	1	1	14	2	3	2	203	37	37	33
2	1	1	1	13	2	3	2	204	37	37	34
2	1	1	1	15	2	3	2	205	37	37	35
2	1	1	1	16	2	3	2	206	37	37	36
2	1	2	8	50	2	3	2	207	37	37	37
2	1	2	8	49	2	3	2	208	37	37	38
2	1	2	8	51	2	3	2	209	37	37	39
2	1	2	8	52	2	3	2	210	37	37	40
2	1	1	1	11	2	3	2	211	37	37	41
2	1	1	1	12	2	3	2	212	37	37	42
2	1	1	1	10	2	3	3	1	37	37	43
2	1	1	1	9	2	3	3	2	37	37	44
2	1	2	8	57	2	3	3	3	37	37	45
2	1	2	8	54	2	3	3	4	37	37	46
2	1	2	8	53	2	3	3	5	37	37	47
2	1	2	8	55	2	3	3	6	37	37	48
2	1	1	1	6	2	3	3	7	37	37	49
2	1	1	1	5	2	3	3	8	37	37	50
2	1	1	1	7	2	3	3	9	37	37	51
2	1	1	1	8	2	3	3	10	37	37	52
2	1	2	8	56	2	3	3	11	37	37	53
2	1	2	8	59	2	3	3	12	37	37	54
2	1	2	8	60	2	3	3	13	37	37	55
2	1	2	8	58	2	3	3	14	37	37	56
2	1	1	1	3	2	3	3	15	37	37	57
2	1	1	1	4	2	3	3	16	37	37	58
2	1	1	1	2	2	3	3	17	37	37	59
2	1	1	1	1	2	3	3	18	37	37	60
2	1	2	8	64	2	3	3	19	37	37	61
2	1	2	8	63	2	3	3	20	37	37	62
2	1	2	8	62	2	3	3	21	37	37	63
2	1	2	8	61	2	3	3	22	37	37	64
2	1	1	1	61	2	3	3	23	37	37	65
2	1	1	1	62	2	3	3	24	37	37	66
2	1	1	1	63	2	3	3	25	37	37	67
2	1	1	1	64	2	3	3	26	37	37	68
2	1	2	8	1	2	3	3	27	37	37	69
2	1	2	8	2	2	3	3	28	37	37	70
2	1	2	8	4	2	3	3	29	37	37	71
2	1	2	8	3	2	3	3	30	37	37	72
2	1	1	1	58	2	3	3	31	37	37	73
2	1	1	1	60	2	3	3	32	37	37	74
2	1	1	1	59	2	3	3	33	37	37	75
2	1	1	1	56	2	3	3	34	37	37	76
2	1	2	8	8	2	3	3	35	37	37	77
2	1	2	8	7	2	3	3	36	37	37	78
2	1	2	8	5	2	3	3	37	37	37	79
2	1	2	8	6	2	3	3	38	37	37	80
2	1	1	1	55	2	3	3	39	37	37	81
2	1	1	1	53	2	3	3	40	37	37	82
2	1	1	1	54	2	3	3	41	37	37	83
2	1	1	1	57	2	3	3	42	37	37	84
2	1	2	8	9	2	3	3	43	37	37	85
2	1	2	8	10	2	3	3	44	37	37	86
2	1	2	8	12	2	3	3	45	37	37	87
2	1	2	8	11	2	3	3	46	37	37	88
2	1	1	1	52	2	3	3	47	37	37	89
2	1	1	1	51	2	3	3	48	37	37	90
2	1	1	1	49	2	3	3	49	37	37	91
2	1	1	1	50	2	3	3	50	37	37	92
2	1	2	8	16	2	3	3	51	37	37	93
2	1	2	8	15	2	3	3	52	37	37	94
2	1	2	8	13	2	3	3	53	37	37	95
2	1	2	8	14	2	3	3	54	37	37	96
2	1	1	1	45	2	3	3	55	37	37	97
2	1	1	1	46	2	3	3	56	37	37	98
2	1	1	1	48	2	3	3	57	37	37	99
2	1	1	1	47	2	3	3	58	37	37	100
2	1	2	8	17	2	3	3	59	37	37	101
2	1	2	8	18	2	3	3	60	37	37	102
2	1	2	8	20	2	3	3	61	37	37	103
2	1	2	8	19	2	3	3	62	37	37	104
2	1	1	1	42	2	3	3	63	37	37	105
2	1	1	1	44	2	3	3	64	37	37	106
2	1	1	1	43	2	3	3	65	37	37	107
2	1	1	1	40	2	3	3	66	37	37	108
2	1	2	8	24	2	3	3	67	37	37	109
2	1	2	8	23	2	3	3	68	37	37	110
2	1	2	8	21	2	3	3	69	37	37	111
2	1	2	8	22	2	3	3	70	37	37	112
2	1	1	1	39	2	3	3	71	37	37	113
2	1	1	1	37	2	3	3	72	37	37	114
2	1	1	1	38	2	3	3	73	37	37	115
2	1	1	1	41	2	3	3	74	37	37	116
2	1	2	8	25	2	3	3	75	37	37	117
2	1	2	8	26	2	3	3	76	37	37	118
2	1	2	8	28	2	3	3	77	37	37	119
2	1	2	8	27	2	3	3	78	37	37	120
2	1	1	1	36	2	3	3	79	37	37	121
2	1	1	1	35	2	3	3	80	37	37	122
2	1	1	1	33	2	3	3	81	37	37	123
2	1	1	1	34	2	3	3	82	37	37	124
2	1	2	8	32	2	3	3	83	37	37	125
2	1	2	8	31	2	3	3	84	37	37	126
2	1	2	8	29	2	3	3	85	37	37	127
2	1	2	8	30	2	3	3	86	37	37	128
2	1	1	3	30	2	5	1	1	36	36	1
2	1	1	3	29	2	5	1	2	36	36	2
2	1	1	3	31	2	5	1	3	36	36	3
2	1	1	3	32	2	5	1	4	36	36	4
2	1	2	6	34	2	5	1	5	36	36	5
2	1	2	6	33	2	5	1	6	36	36	6
2	1	2	6	35	2	5	1	7	36	36	7
2	1	2	6	36	2	5	1	8	36	36	8
2	1	1	3	27	2	5	1	9	36	36	9
2	1	1	3	28	2	5	1	10	36	36	10
2	1	1	3	26	2	5	1	11	36	36	11
2	1	1	3	25	2	5	1	12	36	36	12
2	1	2	6	41	2	5	1	13	36	36	13
2	1	2	6	38	2	5	1	14	36	36	14
2	1	2	6	37	2	5	1	15	36	36	15
2	1	2	6	39	2	5	1	16	36	36	16
2	1	1	3	22	2	5	1	17	36	36	17
2	1	1	3	21	2	5	1	18	36	36	18
2	1	1	3	23	2	5	1	19	36	36	19
2	1	1	3	24	2	5	1	20	36	36	20
2	1	2	6	40	2	5	1	21	36	36	21
2	1	2	6	43	2	5	1	22	36	36	22
2	1	2	6	44	2	5	1	23	36	36	23
2	1	2	6	42	2	5	1	24	36	36	24
2	1	1	3	19	2	5	1	25	36	36	25
2	1	1	3	20	2	5	1	26	36	36	26
2	1	1	3	18	2	5	1	27	36	36	27
2	1	1	3	17	2	5	1	28	36	36	28
2	1	2	6	47	2	5	1	29	36	36	29
2	1	2	6	48	2	5	1	30	36	36	30
2	1	2	6	46	2	5	1	31	36	36	31
2	1	2	6	45	2	5	1	32	36	36	32
2	1	1	3	14	2	5	1	33	36	36	33
2	1	1	3	13	2	5	1	34	36	36	34
2	1	1	3	15	2	5	1	35	36	36	35
2	1	1	3	16	2	5	1	36	36	36	36
2	1	2	6	50	2	5	1	37	36	36	37
2	1	2	6	49	2	5	1	38	36	36	38
2	1	2	6	51	2	5	1	39	36	36	39
2	1	2	6	52	2	5	1	40	36	36	40
2	1	1	3	11	2	5	1	41	36	36	41
2	1	1	3	12	2	5	1	42	36	36	42
2	1	1	3	10	2	5	1	43	36	36	43
2	1	1	3	9	2	5	1	44	36	36	44
2	1	2	6	57	2	5	1	45	36	36	45
2	1	2	6	54	2	5	1	46	36	36	46
2	1	2	6	53	2	5	1	47	36	36	47
2	1	2	6	55	2	5	1	48	36	36	48
2	1	1	3	6	2	5	1	49	36	36	49
2	1	1	3	5	2	5	1	50	36	36	50
2	1	1	3	7	2	5	1	51	36	36	51
2	1	1	3	8	2	5	1	52	36	36	52
2	1	2	6	56	2	5	1	53	36	36	53
2	1	2	6	59	2	5	1	54	36	36	54
2	1	2	6	60	2	5	1	55	36	36	55
2	1	2	6	58	2	5	1	56	36	36	56
2	1	1	3	3	2	5	1	57	36	36	57
2	1	1	3	4	2	5	1	58	36	36	58
2	1	1	3	2	2	5	1	59	36	36	59
2	1	1	3	1	2	5	1	60	36	36	60
2	1	2	6	64	2	5	1	61	36	36	61
2	1	2	6	63	2	5	1	62	36	36	62
2	1	2	6	62	2	5	1	63	36	36	63
2	1	2	6	61	2	5	1	64	36	36	64
2	1	1	3	61	2	5	1	65	36	36	65
2	1	1	3	62	2	5	1	66	36	36	66
2	1	1	3	63	2	5	1	67	36	36	67
2	1	1	3	64	2	5	1	68	36	36	68
2	1	2	6	1	2	5	1	69	36	36	69
2	1	2	6	2	2	5	1	70	36	36	70
2	1	2	6	4	2	5	1	71	36	36	71
2	1	2	6	3	2	5	1	72	36	36	72
2	1	1	3	58	2	5	1	73	36	36	73
2	1	1	3	60	2	5	1	74	36	36	74
2	1	1	3	59	2	5	1	75	36	36	75
2	1	1	3	56	2	5	1	76	36	36	76
2	1	2	6	8	2	5	1	77	36	36	77
2	1	2	6	7	2	5	1	78	36	36	78
2	1	2	6	5	2	5	1	79	36	36	79
2	1	2	6	6	2	5	1	80	36	36	80
2	1	1	3	55	2	5	1	81	36	36	81
2	1	1	3	53	2	5	1	82	36	36	82
2	1	1	3	54	2	5	1	83	36	36	83
2	1	1	3	57	2	5	1	84	36	36	84
2	1	2	6	9	2	5	1	85	36	36	85
2	1	2	6	10	2	5	1	86	36	36	86
2	1	2	6	12	2	5	1	87	36	36	87
2	1	2	6	11	2	5	1	88	36	36	88
2	1	1	3	52	2	5	1	89	36	36	89
2	1	1	3	51	2	5	1	90	36	36	90
2	1	1	3	49	2	5	1	91	36	36	91
2	1	1	3	50	2	5	1	92	36	36	92
2	1	2	6	16	2	5	1	93	36	36	93
2	1	2	6	15	2	5	1	94	36	36	94
2	1	2	6	13	2	5	1	95	36	36	95
2	1	2	6	14	2	5	1	96	36	36	96
2	1	1	3	45	2	5	1	97	36	36	97
2	1	1	3	46	2	5	1	98	36	36	98
2	1	1	3	48	2	5	1	99	36	36	99
2	1	1	3	47	2	5	1	100	36	36	100
2	1	2	6	17	2	5	1	101	36	36	101
2	1	2	6	18	2	5	1	102	36	36	102
2	1	2	6	20	2	5	1	103	36	36	103
2	1	2	6	19	2	5	1	104	36	36	104
2	1	1	3	42	2	5	1	105	36	36	105
2	1	1	3	44	2	5	1	106	36	36	106
2	1	1	3	43	2	5	1	107	36	36	107
2	1	1	3	40	2	5	1	108	36	36	108
2	1	2	6	24	2	5	1	109	36	36	109
2	1	2	6	23	2	5	1	110	36	36	110
2	1	2	6	21	2	5	1	111	36	36	111
2	1	2	6	22	2	5	1	112	36	36	112
2	1	1	3	39	2	5	1	113	36	36	113
2	1	1	3	37	2	5	1	114	36	36	114
2	1	1	3	38	2	5	1	115	36	36	115
2	1	1	3	41	2	5	1	116	36	36	116
2	1	2	6	25	2	5	1	117	36	36	117
2	1	2	6	26	2	5	1	118	36	36	118
2	1	2	6	28	2	5	1	119	36	36	119
2	1	2	6	27	2	5	1	120	36	36	120
2	1	1	3	36	2	5	1	121	36	36	121
2	1	1	3	35	2	5	1	122	36	36	122
2	1	1	3	33	2	5	1	123	36	36	123
2	1	1	3	34	2	5	1	124	36	36	124
2	1	2	6	32	2	5	1	125	36	36	125
2	1	2	6	31	2	5	1	126	36	36	126
2	1	2	6	29	2	5	1	127	36	36	127
2	1	2	6	30	2	5	1	128	36	36	128
2	1	1	4	30	2	2	1	129	52	52	1
2	1	1	4	29	2	2	1	130	52	52	2
2	1	1	4	31	2	2	1	131	52	52	3
2	1	1	4	32	2	2	1	132	52	52	4
2	1	2	5	34	2	2	1	133	52	52	5
2	1	2	5	33	2	2	1	134	52	52	6
2	1	2	5	35	2	2	1	135	52	52	7
2	1	2	5	36	2	2	1	136	52	52	8
2	1	1	4	27	2	2	1	137	52	52	9
2	1	1	4	28	2	2	1	138	52	52	10
2	1	1	4	26	2	2	1	139	52	52	11
2	1	1	4	25	2	2	1	140	52	52	12
2	1	2	5	41	2	2	1	141	52	52	13
2	1	2	5	38	2	2	1	142	52	52	14
2	1	2	5	37	2	2	1	143	52	52	15
2	1	2	5	39	2	2	1	144	52	52	16
2	1	1	4	22	2	2	1	145	52	52	17
2	1	1	4	21	2	2	1	146	52	52	18
2	1	1	4	23	2	2	1	147	52	52	19
2	1	1	4	24	2	2	1	148	52	52	20
2	1	2	5	40	2	2	1	149	52	52	21
2	1	2	5	43	2	2	1	150	52	52	22
2	1	2	5	44	2	2	1	151	52	52	23
2	1	2	5	42	2	2	1	152	52	52	24
2	1	1	4	19	2	2	1	153	52	52	25
2	1	1	4	20	2	2	1	154	52	52	26
2	1	1	4	18	2	2	1	155	52	52	27
2	1	1	4	17	2	2	1	156	52	52	28
2	1	2	5	47	2	2	1	157	52	52	29
2	1	2	5	48	2	2	1	158	52	52	30
2	1	2	5	46	2	2	1	159	52	52	31
2	1	2	5	45	2	2	1	160	52	52	32
2	1	1	4	14	2	2	1	161	52	52	33
2	1	1	4	13	2	2	1	162	52	52	34
2	1	1	4	15	2	2	1	163	52	52	35
2	1	1	4	16	2	2	1	164	52	52	36
2	1	2	5	50	2	2	1	165	52	52	37
2	1	2	5	49	2	2	1	166	52	52	38
2	1	2	5	51	2	2	1	167	52	52	39
2	1	2	5	52	2	2	1	168	52	52	40
2	1	1	4	11	2	2	1	169	52	52	41
2	1	1	4	12	2	2	1	170	52	52	42
2	1	1	4	10	2	2	1	171	52	52	43
2	1	1	4	9	2	2	1	172	52	52	44
2	1	2	5	57	2	2	1	173	52	52	45
2	1	2	5	54	2	2	1	174	52	52	46
2	1	2	5	53	2	2	1	175	52	52	47
2	1	2	5	55	2	2	1	176	52	52	48
2	1	1	4	6	2	2	1	177	52	52	49
2	1	1	4	5	2	2	1	178	52	52	50
2	1	1	4	7	2	2	1	179	52	52	51
2	1	1	4	8	2	2	1	180	52	52	52
2	1	2	5	56	2	2	1	181	52	52	53
2	1	2	5	59	2	2	1	182	52	52	54
2	1	2	5	60	2	2	1	183	52	52	55
2	1	2	5	58	2	2	1	184	52	52	56
2	1	1	4	3	2	2	1	185	52	52	57
2	1	1	4	4	2	2	1	186	52	52	58
2	1	1	4	2	2	2	1	187	52	52	59
2	1	1	4	1	2	2	1	188	52	52	60
2	1	2	5	64	2	2	1	189	52	52	61
2	1	2	5	63	2	2	1	190	52	52	62
2	1	2	5	62	2	2	1	191	52	52	63
2	1	2	5	61	2	2	1	192	52	52	64
2	1	1	4	61	2	2	1	193	52	52	65
2	1	1	4	62	2	2	1	194	52	52	66
2	1	1	4	63	2	2	1	195	52	52	67
2	1	1	4	64	2	2	1	196	52	52	68
2	1	2	5	1	2	2	1	197	52	52	69
2	1	2	5	2	2	2	1	198	52	52	70
2	1	2	5	4	2	2	1	199	52	52	71
2	1	2	5	3	2	2	1	200	52	52	72
2	1	1	4	58	2	2	1	201	52	52	73
2	1	1	4	60	2	2	1	202	52	52	74
2	1	1	4	59	2	2	1	203	52	52	75
2	1	1	4	56	2	2	1	204	52	52	76
2	1	2	5	8	2	2	1	205	52	52	77
2	1	2	5	7	2	2	1	206	52	52	78
2	1	2	5	5	2	2	1	207	52	52	79
2	1	2	5	6	2	2	1	208	52	52	80
2	1	1	4	55	2	2	1	209	52	52	81
2	1	1	4	53	2	2	1	210	52	52	82
2	1	1	4	54	2	2	1	211	52	52	83
2	1	1	4	57	2	2	1	212	52	52	84
2	1	2	5	9	2	2	1	213	52	52	85
2	1	2	5	10	2	2	1	214	52	52	86
2	1	2	5	12	2	2	2	1	52	52	87
2	1	2	5	11	2	2	2	2	52	52	88
2	1	1	4	52	2	2	2	3	52	52	89
2	1	1	4	51	2	2	2	4	52	52	90
2	1	1	4	49	2	2	2	5	52	52	91
2	1	1	4	50	2	2	2	6	52	52	92
2	1	2	5	16	2	2	2	7	52	52	93
2	1	2	5	15	2	2	2	8	52	52	94
2	1	2	5	13	2	2	2	9	52	52	95
2	1	2	5	14	2	2	2	10	52	52	96
2	1	1	4	45	2	2	2	11	52	52	97
2	1	1	4	46	2	2	2	12	52	52	98
2	1	1	4	48	2	2	2	13	52	52	99
2	1	1	4	47	2	2	2	14	52	52	100
2	1	2	5	17	2	2	2	15	52	52	101
2	1	2	5	18	2	2	2	16	52	52	102
2	1	2	5	20	2	2	2	17	52	52	103
2	1	2	5	19	2	2	2	18	52	52	104
2	1	1	4	42	2	2	2	19	52	52	105
2	1	1	4	44	2	2	2	20	52	52	106
2	1	1	4	43	2	2	2	21	52	52	107
2	1	1	4	40	2	2	2	22	52	52	108
2	1	2	5	24	2	2	2	23	52	52	109
2	1	2	5	23	2	2	2	24	52	52	110
2	1	2	5	21	2	2	2	25	52	52	111
2	1	2	5	22	2	2	2	26	52	52	112
2	1	1	4	39	2	2	2	27	52	52	113
2	1	1	4	37	2	2	2	28	52	52	114
2	1	1	4	38	2	2	2	29	52	52	115
2	1	1	4	41	2	2	2	30	52	52	116
2	1	2	5	25	2	2	2	31	52	52	117
2	1	2	5	26	2	2	2	32	52	52	118
2	1	2	5	28	2	2	2	33	52	52	119
2	1	2	5	27	2	2	2	34	52	52	120
2	1	1	4	36	2	2	2	35	52	52	121
2	1	1	4	35	2	2	2	36	52	52	122
2	1	1	4	33	2	2	2	37	52	52	123
2	1	1	4	34	2	2	2	38	52	52	124
2	1	2	5	32	2	2	2	39	52	52	125
2	1	2	5	31	2	2	2	40	52	52	126
2	1	2	5	29	2	2	2	41	52	52	127
2	1	2	5	30	2	2	2	42	52	52	128
2	1	1	6	30	2	3	1	1	46	46	1
2	1	1	6	29	2	3	1	2	46	46	2
2	1	1	6	31	2	3	1	3	46	46	3
2	1	1	6	32	2	3	1	4	46	46	4
2	1	2	3	34	2	3	1	5	46	46	5
2	1	2	3	33	2	3	1	6	46	46	6
2	1	2	3	35	2	3	1	7	46	46	7
2	1	2	3	36	2	3	1	8	46	46	8
2	1	1	6	27	2	3	1	9	46	46	9
2	1	1	6	28	2	3	1	10	46	46	10
2	1	1	6	26	2	3	1	11	46	46	11
2	1	1	6	25	2	3	1	12	46	46	12
2	1	2	3	41	2	3	1	13	46	46	13
2	1	2	3	38	2	3	1	14	46	46	14
2	1	2	3	37	2	3	1	15	46	46	15
2	1	2	3	39	2	3	1	16	46	46	16
2	1	1	6	22	2	3	1	17	46	46	17
2	1	1	6	21	2	3	1	18	46	46	18
2	1	1	6	23	2	3	1	19	46	46	19
2	1	1	6	24	2	3	1	20	46	46	20
2	1	2	3	40	2	3	1	21	46	46	21
2	1	2	3	43	2	3	1	22	46	46	22
2	1	2	3	44	2	3	1	23	46	46	23
2	1	2	3	42	2	3	1	24	46	46	24
2	1	1	6	19	2	3	1	25	46	46	25
2	1	1	6	20	2	3	1	26	46	46	26
2	1	1	6	18	2	3	1	27	46	46	27
2	1	1	6	17	2	3	1	28	46	46	28
2	1	2	3	47	2	3	1	29	46	46	29
2	1	2	3	48	2	3	1	30	46	46	30
2	1	2	3	46	2	3	1	31	46	46	31
2	1	2	3	45	2	3	1	32	46	46	32
2	1	1	6	14	2	3	1	33	46	46	33
2	1	1	6	13	2	3	1	34	46	46	34
2	1	1	6	15	2	3	1	35	46	46	35
2	1	1	6	16	2	3	1	36	46	46	36
2	1	2	3	50	2	3	1	37	46	46	37
2	1	2	3	49	2	3	1	38	46	46	38
2	1	2	3	51	2	3	1	39	46	46	39
2	1	2	3	52	2	3	1	40	46	46	40
2	1	1	6	11	2	3	1	41	46	46	41
2	1	1	6	12	2	3	1	42	46	46	42
2	1	1	6	10	2	3	1	43	46	46	43
2	1	1	6	9	2	3	1	44	46	46	44
2	1	2	3	57	2	3	1	45	46	46	45
2	1	2	3	54	2	3	1	46	46	46	46
2	1	2	3	53	2	3	1	47	46	46	47
2	1	2	3	55	2	3	1	48	46	46	48
2	1	1	6	6	2	3	1	49	46	46	49
2	1	1	6	5	2	3	1	50	46	46	50
2	1	1	6	7	2	3	1	51	46	46	51
2	1	1	6	8	2	3	1	52	46	46	52
2	1	2	3	56	2	3	1	53	46	46	53
2	1	2	3	59	2	3	1	54	46	46	54
2	1	2	3	60	2	3	1	55	46	46	55
2	1	2	3	58	2	3	1	56	46	46	56
2	1	1	6	3	2	3	1	57	46	46	57
2	1	1	6	4	2	3	1	58	46	46	58
2	1	1	6	2	2	3	1	59	46	46	59
2	1	1	6	1	2	3	1	60	46	46	60
2	1	2	3	64	2	3	1	61	46	46	61
2	1	2	3	63	2	3	1	62	46	46	62
2	1	2	3	62	2	3	1	63	46	46	63
2	1	2	3	61	2	3	1	64	46	46	64
2	1	1	6	61	2	3	1	65	46	46	65
2	1	1	6	62	2	3	1	66	46	46	66
2	1	1	6	63	2	3	1	67	46	46	67
2	1	1	6	64	2	3	1	68	46	46	68
2	1	2	3	1	2	3	1	69	46	46	69
2	1	2	3	2	2	3	1	70	46	46	70
2	1	2	3	4	2	3	1	71	46	46	71
2	1	2	3	3	2	3	1	72	46	46	72
2	1	1	6	58	2	3	1	73	46	46	73
2	1	1	6	60	2	3	1	74	46	46	74
2	1	1	6	59	2	3	1	75	46	46	75
2	1	1	6	56	2	3	1	76	46	46	76
2	1	2	3	8	2	3	1	77	46	46	77
2	1	2	3	7	2	3	1	78	46	46	78
2	1	2	3	5	2	3	1	79	46	46	79
2	1	2	3	6	2	3	1	80	46	46	80
2	1	1	6	55	2	3	1	81	46	46	81
2	1	1	6	53	2	3	1	82	46	46	82
2	1	1	6	54	2	3	1	83	46	46	83
2	1	1	6	57	2	3	1	84	46	46	84
2	1	2	3	9	2	3	1	85	46	46	85
2	1	2	3	10	2	3	1	86	46	46	86
2	1	2	3	12	2	3	1	87	46	46	87
2	1	2	3	11	2	3	1	88	46	46	88
2	1	1	6	52	2	3	1	89	46	46	89
2	1	1	6	51	2	3	1	90	46	46	90
2	1	1	6	49	2	3	1	91	46	46	91
2	1	1	6	50	2	3	1	92	46	46	92
2	1	2	3	16	2	3	1	93	46	46	93
2	1	2	3	15	2	3	1	94	46	46	94
2	1	2	3	13	2	3	1	95	46	46	95
2	1	2	3	14	2	3	1	96	46	46	96
2	1	1	6	45	2	3	1	97	46	46	97
2	1	1	6	46	2	3	1	98	46	46	98
2	1	1	6	48	2	3	1	99	46	46	99
2	1	1	6	47	2	3	1	100	46	46	100
2	1	2	3	17	2	3	1	101	46	46	101
2	1	2	3	18	2	3	1	102	46	46	102
2	1	2	3	20	2	3	1	103	46	46	103
2	1	2	3	19	2	3	1	104	46	46	104
2	1	1	6	42	2	3	1	105	46	46	105
2	1	1	6	44	2	3	1	106	46	46	106
2	1	1	6	43	2	3	1	107	46	46	107
2	1	1	6	40	2	3	1	108	46	46	108
2	1	2	3	24	2	3	1	109	46	46	109
2	1	2	3	23	2	3	1	110	46	46	110
2	1	2	3	21	2	3	1	111	46	46	111
2	1	2	3	22	2	3	1	112	46	46	112
2	1	1	6	39	2	3	1	113	46	46	113
2	1	1	6	37	2	3	1	114	46	46	114
2	1	1	6	38	2	3	1	115	46	46	115
2	1	1	6	41	2	3	1	116	46	46	116
2	1	2	3	25	2	3	1	117	46	46	117
2	1	2	3	26	2	3	1	118	46	46	118
2	1	2	3	28	2	3	1	119	46	46	119
2	1	2	3	27	2	3	1	120	46	46	120
2	1	1	6	36	2	3	1	121	46	46	121
2	1	1	6	35	2	3	1	122	46	46	122
2	1	1	6	33	2	3	1	123	46	46	123
2	1	1	6	34	2	3	1	124	46	46	124
2	1	2	3	32	2	3	1	125	46	46	125
2	1	2	3	31	2	3	1	126	46	46	126
2	1	2	3	29	2	3	1	127	46	46	127
2	1	2	3	30	2	3	1	128	46	46	128
2	1	1	7	30	2	4	3	87	45	45	1
2	1	1	7	29	2	4	3	88	45	45	2
2	1	1	7	31	2	4	3	89	45	45	3
2	1	1	7	32	2	4	3	90	45	45	4
2	1	2	2	34	2	4	3	91	45	45	5
2	1	2	2	33	2	4	3	92	45	45	6
2	1	2	2	35	2	4	3	93	45	45	7
2	1	2	2	36	2	4	3	94	45	45	8
2	1	1	7	27	2	4	3	95	45	45	9
2	1	1	7	28	2	4	3	96	45	45	10
2	1	1	7	26	2	4	3	97	45	45	11
2	1	1	7	25	2	4	3	98	45	45	12
2	1	2	2	41	2	4	3	99	45	45	13
2	1	2	2	38	2	4	3	100	45	45	14
2	1	2	2	37	2	4	3	101	45	45	15
2	1	2	2	39	2	4	3	102	45	45	16
2	1	1	7	22	2	4	3	103	45	45	17
2	1	1	7	21	2	4	3	104	45	45	18
2	1	1	7	23	2	4	3	105	45	45	19
2	1	1	7	24	2	4	3	106	45	45	20
2	1	2	2	40	2	4	3	107	45	45	21
2	1	2	2	43	2	4	3	108	45	45	22
2	1	2	2	44	2	4	3	109	45	45	23
2	1	2	2	42	2	4	3	110	45	45	24
2	1	1	7	19	2	4	3	111	45	45	25
2	1	1	7	20	2	4	3	112	45	45	26
2	1	1	7	18	2	4	3	113	45	45	27
2	1	1	7	17	2	4	3	114	45	45	28
2	1	2	2	47	2	4	3	115	45	45	29
2	1	2	2	48	2	4	3	116	45	45	30
2	1	2	2	46	2	4	3	117	45	45	31
2	1	2	2	45	2	4	3	118	45	45	32
2	1	1	7	14	2	4	3	119	45	45	33
2	1	1	7	13	2	4	3	120	45	45	34
2	1	1	7	15	2	4	3	121	45	45	35
2	1	1	7	16	2	4	3	122	45	45	36
2	1	2	2	50	2	4	3	123	45	45	37
2	1	2	2	49	2	4	3	124	45	45	38
2	1	2	2	51	2	4	3	125	45	45	39
2	1	2	2	52	2	4	3	126	45	45	40
2	1	1	7	11	2	4	3	127	45	45	41
2	1	1	7	12	2	4	3	128	45	45	42
2	1	1	7	10	2	4	3	129	45	45	43
2	1	1	7	9	2	4	3	130	45	45	44
2	1	2	2	57	2	4	3	131	45	45	45
2	1	2	2	54	2	4	3	132	45	45	46
2	1	2	2	53	2	4	3	133	45	45	47
2	1	2	2	55	2	4	3	134	45	45	48
2	1	1	7	6	2	4	3	135	45	45	49
2	1	1	7	5	2	4	3	136	45	45	50
2	1	1	7	7	2	4	3	137	45	45	51
2	1	1	7	8	2	4	3	138	45	45	52
2	1	2	2	56	2	4	3	139	45	45	53
2	1	2	2	59	2	4	3	140	45	45	54
2	1	2	2	60	2	4	3	141	45	45	55
2	1	2	2	58	2	4	3	142	45	45	56
2	1	1	7	3	2	4	3	143	45	45	57
2	1	1	7	4	2	4	3	144	45	45	58
2	1	1	7	2	2	4	3	145	45	45	59
2	1	1	7	1	2	4	3	146	45	45	60
2	1	2	2	64	2	4	3	147	45	45	61
2	1	2	2	63	2	4	3	148	45	45	62
2	1	2	2	62	2	4	3	149	45	45	63
2	1	2	2	61	2	4	3	150	45	45	64
2	1	1	7	61	2	4	3	151	45	45	65
2	1	1	7	62	2	4	3	152	45	45	66
2	1	1	7	63	2	4	3	153	45	45	67
2	1	1	7	64	2	4	3	154	45	45	68
2	1	2	2	1	2	4	3	155	45	45	69
2	1	2	2	2	2	4	3	156	45	45	70
2	1	2	2	4	2	4	3	157	45	45	71
2	1	2	2	3	2	4	3	158	45	45	72
2	1	1	7	58	2	4	3	159	45	45	73
2	1	1	7	60	2	4	3	160	45	45	74
2	1	1	7	59	2	4	3	161	45	45	75
2	1	1	7	56	2	4	3	162	45	45	76
2	1	2	2	8	2	4	3	163	45	45	77
2	1	2	2	7	2	4	3	164	45	45	78
2	1	2	2	5	2	4	3	165	45	45	79
2	1	2	2	6	2	4	3	166	45	45	80
2	1	1	7	55	2	4	3	167	45	45	81
2	1	1	7	53	2	4	3	168	45	45	82
2	1	1	7	54	2	4	3	169	45	45	83
2	1	1	7	57	2	4	3	170	45	45	84
2	1	2	2	9	2	4	3	171	45	45	85
2	1	2	2	10	2	4	3	172	45	45	86
2	1	2	2	12	2	4	3	173	45	45	87
2	1	2	2	11	2	4	3	174	45	45	88
2	1	1	7	52	2	4	3	175	45	45	89
2	1	1	7	51	2	4	3	176	45	45	90
2	1	1	7	49	2	4	3	177	45	45	91
2	1	1	7	50	2	4	3	178	45	45	92
2	1	2	2	16	2	4	3	179	45	45	93
2	1	2	2	15	2	4	3	180	45	45	94
2	1	2	2	13	2	4	3	181	45	45	95
2	1	2	2	14	2	4	3	182	45	45	96
2	1	1	7	45	2	4	3	183	45	45	97
2	1	1	7	46	2	4	3	184	45	45	98
2	1	1	7	48	2	4	3	185	45	45	99
2	1	1	7	47	2	4	3	186	45	45	100
2	1	2	2	17	2	4	3	187	45	45	101
2	1	2	2	18	2	4	3	188	45	45	102
2	1	2	2	20	2	4	3	189	45	45	103
2	1	2	2	19	2	4	3	190	45	45	104
2	1	1	7	42	2	4	3	191	45	45	105
2	1	1	7	44	2	4	3	192	45	45	106
2	1	1	7	43	2	4	3	193	45	45	107
2	1	1	7	40	2	4	3	194	45	45	108
2	1	2	2	24	2	4	3	195	45	45	109
2	1	2	2	23	2	4	3	196	45	45	110
2	1	2	2	21	2	4	3	197	45	45	111
2	1	2	2	22	2	4	3	198	45	45	112
2	1	1	7	39	2	4	3	199	45	45	113
2	1	1	7	37	2	4	3	200	45	45	114
2	1	1	7	38	2	4	3	201	45	45	115
2	1	1	7	41	2	4	3	202	45	45	116
2	1	2	2	25	2	4	3	203	45	45	117
2	1	2	2	26	2	4	3	204	45	45	118
2	1	2	2	28	2	4	3	205	45	45	119
2	1	2	2	27	2	4	3	206	45	45	120
2	1	1	7	36	2	4	3	207	45	45	121
2	1	1	7	35	2	4	3	208	45	45	122
2	1	1	7	33	2	4	3	209	45	45	123
2	1	1	7	34	2	4	3	210	45	45	124
2	1	2	2	32	2	4	3	211	45	45	125
2	1	2	2	31	2	4	3	212	45	45	126
2	1	2	2	29	2	4	3	213	45	45	127
2	1	2	2	30	2	4	3	214	45	45	128
2	1	1	8	30	2	1	1	128	56	56	1
2	1	1	8	29	2	1	1	127	56	56	2
2	1	1	8	31	2	1	1	126	56	56	3
2	1	1	8	32	2	1	1	125	56	56	4
2	1	2	1	34	2	1	1	124	56	56	5
2	1	2	1	33	2	1	1	123	56	56	6
2	1	2	1	35	2	1	1	122	56	56	7
2	1	2	1	36	2	1	1	121	56	56	8
2	1	1	8	27	2	1	1	120	56	56	9
2	1	1	8	28	2	1	1	119	56	56	10
2	1	1	8	26	2	1	1	118	56	56	11
2	1	1	8	25	2	1	1	117	56	56	12
2	1	2	1	41	2	1	1	116	56	56	13
2	1	2	1	38	2	1	1	115	56	56	14
2	1	2	1	37	2	1	1	114	56	56	15
2	1	2	1	39	2	1	1	113	56	56	16
2	1	1	8	22	2	1	1	112	56	56	17
2	1	1	8	21	2	1	1	111	56	56	18
2	1	1	8	23	2	1	1	110	56	56	19
2	1	1	8	24	2	1	1	109	56	56	20
2	1	2	1	40	2	1	1	108	56	56	21
2	1	2	1	43	2	1	1	107	56	56	22
2	1	2	1	44	2	1	1	106	56	56	23
2	1	2	1	42	2	1	1	105	56	56	24
2	1	1	8	19	2	1	1	104	56	56	25
2	1	1	8	20	2	1	1	103	56	56	26
2	1	1	8	18	2	1	1	102	56	56	27
2	1	1	8	17	2	1	1	101	56	56	28
2	1	2	1	47	2	1	1	100	56	56	29
2	1	2	1	48	2	1	1	99	56	56	30
2	1	2	1	46	2	1	1	98	56	56	31
2	1	2	1	45	2	1	1	97	56	56	32
2	1	1	8	14	2	1	1	96	56	56	33
2	1	1	8	13	2	1	1	95	56	56	34
2	1	1	8	15	2	1	1	94	56	56	35
2	1	1	8	16	2	1	1	93	56	56	36
2	1	2	1	50	2	1	1	92	56	56	37
2	1	2	1	49	2	1	1	91	56	56	38
2	1	2	1	51	2	1	1	90	56	56	39
2	1	2	1	52	2	1	1	89	56	56	40
2	1	1	8	11	2	1	1	88	56	56	41
2	1	1	8	12	2	1	1	87	56	56	42
2	1	1	8	10	2	1	1	86	56	56	43
2	1	1	8	9	2	1	1	85	56	56	44
2	1	2	1	57	2	1	1	84	56	56	45
2	1	2	1	54	2	1	1	83	56	56	46
2	1	2	1	53	2	1	1	82	56	56	47
2	1	2	1	55	2	1	1	81	56	56	48
2	1	1	8	6	2	1	1	80	56	56	49
2	1	1	8	5	2	1	1	79	56	56	50
2	1	1	8	7	2	1	1	78	56	56	51
2	1	1	8	8	2	1	1	77	56	56	52
2	1	2	1	56	2	1	1	76	56	56	53
2	1	2	1	59	2	1	1	75	56	56	54
2	1	2	1	60	2	1	1	74	56	56	55
2	1	2	1	58	2	1	1	73	56	56	56
2	1	1	8	3	2	1	1	72	56	56	57
2	1	1	8	4	2	1	1	71	56	56	58
2	1	1	8	2	2	1	1	70	56	56	59
2	1	1	8	1	2	1	1	69	56	56	60
2	1	2	1	64	2	1	1	68	56	56	61
2	1	2	1	63	2	1	1	67	56	56	62
2	1	2	1	62	2	1	1	66	56	56	63
2	1	2	1	61	2	1	1	65	56	56	64
2	1	1	8	61	2	1	1	64	56	56	65
2	1	1	8	62	2	1	1	63	56	56	66
2	1	1	8	63	2	1	1	62	56	56	67
2	1	1	8	64	2	1	1	61	56	56	68
2	1	2	1	1	2	1	1	60	56	56	69
2	1	2	1	2	2	1	1	59	56	56	70
2	1	2	1	4	2	1	1	58	56	56	71
2	1	2	1	3	2	1	1	57	56	56	72
2	1	1	8	58	2	1	1	56	56	56	73
2	1	1	8	60	2	1	1	55	56	56	74
2	1	1	8	59	2	1	1	54	56	56	75
2	1	1	8	56	2	1	1	53	56	56	76
2	1	2	1	8	2	1	1	52	56	56	77
2	1	2	1	7	2	1	1	51	56	56	78
2	1	2	1	5	2	1	1	50	56	56	79
2	1	2	1	6	2	1	1	49	56	56	80
2	1	1	8	55	2	1	1	48	56	56	81
2	1	1	8	53	2	1	1	47	56	56	82
2	1	1	8	54	2	1	1	46	56	56	83
2	1	1	8	57	2	1	1	45	56	56	84
2	1	2	1	9	2	1	1	44	56	56	85
2	1	2	1	10	2	1	1	43	56	56	86
2	1	2	1	12	2	1	1	42	56	56	87
2	1	2	1	11	2	1	1	41	56	56	88
2	1	1	8	52	2	1	1	40	56	56	89
2	1	1	8	51	2	1	1	39	56	56	90
2	1	1	8	49	2	1	1	38	56	56	91
2	1	1	8	50	2	1	1	37	56	56	92
2	1	2	1	16	2	1	1	36	56	56	93
2	1	2	1	15	2	1	1	35	56	56	94
2	1	2	1	13	2	1	1	34	56	56	95
2	1	2	1	14	2	1	1	33	56	56	96
2	1	1	8	45	2	1	1	32	56	56	97
2	1	1	8	46	2	1	1	31	56	56	98
2	1	1	8	48	2	1	1	30	56	56	99
2	1	1	8	47	2	1	1	29	56	56	100
2	1	2	1	17	2	1	1	28	56	56	101
2	1	2	1	18	2	1	1	27	56	56	102
2	1	2	1	20	2	1	1	26	56	56	103
2	1	2	1	19	2	1	1	25	56	56	104
2	1	1	8	42	2	1	1	24	56	56	105
2	1	1	8	44	2	1	1	23	56	56	106
2	1	1	8	43	2	1	1	22	56	56	107
2	1	1	8	40	2	1	1	21	56	56	108
2	1	2	1	24	2	1	1	20	56	56	109
2	1	2	1	23	2	1	1	19	56	56	110
2	1	2	1	21	2	1	1	18	56	56	111
2	1	2	1	22	2	1	1	17	56	56	112
2	1	1	8	39	2	1	1	16	56	56	113
2	1	1	8	37	2	1	1	15	56	56	114
2	1	1	8	38	2	1	1	14	56	56	115
2	1	1	8	41	2	1	1	13	56	56	116
2	1	2	1	25	2	1	1	12	56	56	117
2	1	2	1	26	2	1	1	11	56	56	118
2	1	2	1	28	2	1	1	10	56	56	119
2	1	2	1	27	2	1	1	9	56	56	120
2	1	1	8	36	2	1	1	8	56	56	121
2	1	1	8	35	2	1	1	7	56	56	122
2	1	1	8	33	2	1	1	6	56	56	123
2	1	1	8	34	2	1	1	5	56	56	124
2	1	2	1	32	2	1	1	4	56	56	125
2	1	2	1	31	2	1	1	3	56	56	126
2	1	2	1	29	2	1	1	2	56	56	127
2	1	2	1	30	2	1	1	1	56	56	128
2	2	1	2	30	2	1	2	43	58	58	1
2	2	1	2	29	2	1	2	44	58	58	2
2	2	1	2	31	2	1	2	45	58	58	3
2	2	1	2	32	2	1	2	46	58	58	4
2	2	2	7	34	2	1	2	47	58	58	5
2	2	2	7	33	2	1	2	48	58	58	6
2	2	2	7	35	2	1	2	49	58	58	7
2	2	2	7	36	2	1	2	50	58	58	8
2	2	1	2	27	2	1	2	51	58	58	9
2	2	1	2	28	2	1	2	52	58	58	10
2	2	1	2	26	2	1	2	53	58	58	11
2	2	1	2	25	2	1	2	54	58	58	12
2	2	2	7	41	2	1	2	55	58	58	13
2	2	2	7	38	2	1	2	56	58	58	14
2	2	2	7	37	2	1	2	57	58	58	15
2	2	2	7	39	2	1	2	58	58	58	16
2	2	1	2	22	2	1	2	59	58	58	17
2	2	1	2	21	2	1	2	60	58	58	18
2	2	1	2	23	2	1	2	61	58	58	19
2	2	1	2	24	2	1	2	62	58	58	20
2	2	2	7	40	2	1	2	63	58	58	21
2	2	2	7	43	2	1	2	64	58	58	22
2	2	2	7	44	2	1	2	65	58	58	23
2	2	2	7	42	2	1	2	66	58	58	24
2	2	1	2	19	2	1	2	67	58	58	25
2	2	1	2	20	2	1	2	68	58	58	26
2	2	1	2	18	2	1	2	69	58	58	27
2	2	1	2	17	2	1	2	70	58	58	28
2	2	2	7	47	2	1	2	71	58	58	29
2	2	2	7	48	2	1	2	72	58	58	30
2	2	2	7	46	2	1	2	73	58	58	31
2	2	2	7	45	2	1	2	74	58	58	32
2	2	1	2	14	2	1	2	75	58	58	33
2	2	1	2	13	2	1	2	76	58	58	34
2	2	1	2	15	2	1	2	77	58	58	35
2	2	1	2	16	2	1	2	78	58	58	36
2	2	2	7	50	2	1	2	79	58	58	37
2	2	2	7	49	2	1	2	80	58	58	38
2	2	2	7	51	2	1	2	81	58	58	39
2	2	2	7	52	2	1	2	82	58	58	40
2	2	1	2	11	2	1	2	83	58	58	41
2	2	1	2	12	2	1	2	84	58	58	42
2	2	1	2	10	2	1	2	85	58	58	43
2	2	1	2	9	2	1	2	86	58	58	44
2	2	2	7	57	2	1	2	87	58	58	45
2	2	2	7	54	2	1	2	88	58	58	46
2	2	2	7	53	2	1	2	89	58	58	47
2	2	2	7	55	2	1	2	90	58	58	48
2	2	1	2	6	2	1	2	91	58	58	49
2	2	1	2	5	2	1	2	92	58	58	50
2	2	1	2	7	2	1	2	93	58	58	51
2	2	1	2	8	2	1	2	94	58	58	52
2	2	2	7	56	2	1	2	95	58	58	53
2	2	2	7	59	2	1	2	96	58	58	54
2	2	2	7	60	2	1	2	97	58	58	55
2	2	2	7	58	2	1	2	98	58	58	56
2	2	1	2	3	2	1	2	99	58	58	57
2	2	1	2	4	2	1	2	100	58	58	58
2	2	1	2	2	2	1	2	101	58	58	59
2	2	1	2	1	2	1	2	102	58	58	60
2	2	2	7	64	2	1	2	103	58	58	61
2	2	2	7	63	2	1	2	104	58	58	62
2	2	2	7	62	2	1	2	105	58	58	63
2	2	2	7	61	2	1	2	106	58	58	64
2	2	1	2	61	2	1	2	107	58	58	65
2	2	1	2	62	2	1	2	108	58	58	66
2	2	1	2	63	2	1	2	109	58	58	67
2	2	1	2	64	2	1	2	110	58	58	68
2	2	2	7	1	2	1	2	111	58	58	69
2	2	2	7	2	2	1	2	112	58	58	70
2	2	2	7	4	2	1	2	113	58	58	71
2	2	2	7	3	2	1	2	114	58	58	72
2	2	1	2	58	2	1	2	115	58	58	73
2	2	1	2	60	2	1	2	116	58	58	74
2	2	1	2	59	2	1	2	117	58	58	75
2	2	1	2	56	2	1	2	118	58	58	76
2	2	2	7	8	2	1	2	119	58	58	77
2	2	2	7	7	2	1	2	120	58	58	78
2	2	2	7	5	2	1	2	121	58	58	79
2	2	2	7	6	2	1	2	122	58	58	80
2	2	1	2	55	2	1	2	123	58	58	81
2	2	1	2	53	2	1	2	124	58	58	82
2	2	1	2	54	2	1	2	125	58	58	83
2	2	1	2	57	2	1	2	126	58	58	84
2	2	2	7	9	2	1	2	127	58	58	85
2	2	2	7	10	2	1	2	128	58	58	86
2	2	2	7	12	2	1	2	129	58	58	87
2	2	2	7	11	2	1	2	130	58	58	88
2	2	1	2	52	2	1	2	131	58	58	89
2	2	1	2	51	2	1	2	132	58	58	90
2	2	1	2	49	2	1	2	133	58	58	91
2	2	1	2	50	2	1	2	134	58	58	92
2	2	2	7	16	2	1	2	135	58	58	93
2	2	2	7	15	2	1	2	136	58	58	94
2	2	2	7	13	2	1	2	137	58	58	95
2	2	2	7	14	2	1	2	138	58	58	96
2	2	1	2	45	2	1	2	139	58	58	97
2	2	1	2	46	2	1	2	140	58	58	98
2	2	1	2	48	2	1	2	141	58	58	99
2	2	1	2	47	2	1	2	142	58	58	100
2	2	2	7	17	2	1	2	143	58	58	101
2	2	2	7	18	2	1	2	144	58	58	102
2	2	2	7	20	2	1	2	145	58	58	103
2	2	2	7	19	2	1	2	146	58	58	104
2	2	1	2	42	2	1	2	147	58	58	105
2	2	1	2	44	2	1	2	148	58	58	106
2	2	1	2	43	2	1	2	149	58	58	107
2	2	1	2	40	2	1	2	150	58	58	108
2	2	2	7	24	2	1	2	151	58	58	109
2	2	2	7	23	2	1	2	152	58	58	110
2	2	2	7	21	2	1	2	153	58	58	111
2	2	2	7	22	2	1	2	154	58	58	112
2	2	1	2	39	2	1	2	155	58	58	113
2	2	1	2	37	2	1	2	156	58	58	114
2	2	1	2	38	2	1	2	157	58	58	115
2	2	1	2	41	2	1	2	158	58	58	116
2	2	2	7	25	2	1	2	159	58	58	117
2	2	2	7	26	2	1	2	160	58	58	118
2	2	2	7	28	2	1	2	161	58	58	119
2	2	2	7	27	2	1	2	162	58	58	120
2	2	1	2	36	2	1	2	163	58	58	121
2	2	1	2	35	2	1	2	164	58	58	122
2	2	1	2	33	2	1	2	165	58	58	123
2	2	1	2	34	2	1	2	166	58	58	124
2	2	2	7	32	2	1	2	167	58	58	125
2	2	2	7	31	2	1	2	168	58	58	126
2	2	2	7	29	2	1	2	169	58	58	127
2	2	2	7	30	2	1	2	170	58	58	128
2	2	1	3	30	2	3	1	129	41	41	1
2	2	1	3	29	2	3	1	130	41	41	2
2	2	1	3	31	2	3	1	131	41	41	3
2	2	1	3	32	2	3	1	132	41	41	4
2	2	2	6	34	2	3	1	133	41	41	5
2	2	2	6	33	2	3	1	134	41	41	6
2	2	2	6	35	2	3	1	135	41	41	7
2	2	2	6	36	2	3	1	136	41	41	8
2	2	1	3	27	2	3	1	137	41	41	9
2	2	1	3	28	2	3	1	138	41	41	10
2	2	1	3	26	2	3	1	139	41	41	11
2	2	1	3	25	2	3	1	140	41	41	12
2	2	2	6	41	2	3	1	141	41	41	13
2	2	2	6	38	2	3	1	142	41	41	14
2	2	2	6	37	2	3	1	143	41	41	15
2	2	2	6	39	2	3	1	144	41	41	16
2	2	1	3	22	2	3	1	145	41	41	17
2	2	1	3	21	2	3	1	146	41	41	18
2	2	1	3	23	2	3	1	147	41	41	19
2	2	1	3	24	2	3	1	148	41	41	20
2	2	2	6	40	2	3	1	149	41	41	21
2	2	2	6	43	2	3	1	150	41	41	22
2	2	2	6	44	2	3	1	151	41	41	23
2	2	2	6	42	2	3	1	152	41	41	24
2	2	1	3	19	2	3	1	153	41	41	25
2	2	1	3	20	2	3	1	154	41	41	26
2	2	1	3	18	2	3	1	155	41	41	27
2	2	1	3	17	2	3	1	156	41	41	28
2	2	2	6	47	2	3	1	157	41	41	29
2	2	2	6	48	2	3	1	158	41	41	30
2	2	2	6	46	2	3	1	159	41	41	31
2	2	2	6	45	2	3	1	160	41	41	32
2	2	1	3	14	2	3	1	161	41	41	33
2	2	1	3	13	2	3	1	162	41	41	34
2	2	1	3	15	2	3	1	163	41	41	35
2	2	1	3	16	2	3	1	164	41	41	36
2	2	2	6	50	2	3	1	165	41	41	37
2	2	2	6	49	2	3	1	166	41	41	38
2	2	2	6	51	2	3	1	167	41	41	39
2	2	2	6	52	2	3	1	168	41	41	40
2	2	1	3	11	2	3	1	169	41	41	41
2	2	1	3	12	2	3	1	170	41	41	42
2	2	1	3	10	2	3	1	171	41	41	43
2	2	1	3	9	2	3	1	172	41	41	44
2	2	2	6	57	2	3	1	173	41	41	45
2	2	2	6	54	2	3	1	174	41	41	46
2	2	2	6	53	2	3	1	175	41	41	47
2	2	2	6	55	2	3	1	176	41	41	48
2	2	1	3	6	2	3	1	177	41	41	49
2	2	1	3	5	2	3	1	178	41	41	50
2	2	1	3	7	2	3	1	179	41	41	51
2	2	1	3	8	2	3	1	180	41	41	52
2	2	2	6	56	2	3	1	181	41	41	53
2	2	2	6	59	2	3	1	182	41	41	54
2	2	2	6	60	2	3	1	183	41	41	55
2	2	2	6	58	2	3	1	184	41	41	56
2	2	1	3	3	2	3	1	185	41	41	57
2	2	1	3	4	2	3	1	186	41	41	58
2	2	1	3	2	2	3	1	187	41	41	59
2	2	1	3	1	2	3	1	188	41	41	60
2	2	2	6	64	2	3	1	189	41	41	61
2	2	2	6	63	2	3	1	190	41	41	62
2	2	2	6	62	2	3	1	191	41	41	63
2	2	2	6	61	2	3	1	192	41	41	64
2	2	1	3	61	2	3	1	193	41	41	65
2	2	1	3	62	2	3	1	194	41	41	66
2	2	1	3	63	2	3	1	195	41	41	67
2	2	1	3	64	2	3	1	196	41	41	68
2	2	2	6	1	2	3	1	197	41	41	69
2	2	2	6	2	2	3	1	198	41	41	70
2	2	2	6	4	2	3	1	199	41	41	71
2	2	2	6	3	2	3	1	200	41	41	72
2	2	1	3	58	2	3	1	201	41	41	73
2	2	1	3	60	2	3	1	202	41	41	74
2	2	1	3	59	2	3	1	203	41	41	75
2	2	1	3	56	2	3	1	204	41	41	76
2	2	2	6	8	2	3	1	205	41	41	77
2	2	2	6	7	2	3	1	206	41	41	78
2	2	2	6	5	2	3	1	207	41	41	79
2	2	2	6	6	2	3	1	208	41	41	80
2	2	1	3	55	2	3	1	209	41	41	81
2	2	1	3	53	2	3	1	210	41	41	82
2	2	1	3	54	2	3	1	211	41	41	83
2	2	1	3	57	2	3	1	212	41	41	84
2	2	2	6	9	2	3	1	213	41	41	85
2	2	2	6	10	2	3	1	214	41	41	86
2	2	2	6	12	2	3	2	1	41	41	87
2	2	2	6	11	2	3	2	2	41	41	88
2	2	1	3	52	2	3	2	3	41	41	89
2	2	1	3	51	2	3	2	4	41	41	90
2	2	1	3	49	2	3	2	5	41	41	91
2	2	1	3	50	2	3	2	6	41	41	92
2	2	2	6	16	2	3	2	7	41	41	93
2	2	2	6	15	2	3	2	8	41	41	94
2	2	2	6	13	2	3	2	9	41	41	95
2	2	2	6	14	2	3	2	10	41	41	96
2	2	1	3	45	2	3	2	11	41	41	97
2	2	1	3	46	2	3	2	12	41	41	98
2	2	1	3	48	2	3	2	13	41	41	99
2	2	1	3	47	2	3	2	14	41	41	100
2	2	2	6	17	2	3	2	15	41	41	101
2	2	2	6	18	2	3	2	16	41	41	102
2	2	2	6	20	2	3	2	17	41	41	103
2	2	2	6	19	2	3	2	18	41	41	104
2	2	1	3	42	2	3	2	19	41	41	105
2	2	1	3	44	2	3	2	20	41	41	106
2	2	1	3	43	2	3	2	21	41	41	107
2	2	1	3	40	2	3	2	22	41	41	108
2	2	2	6	24	2	3	2	23	41	41	109
2	2	2	6	23	2	3	2	24	41	41	110
2	2	2	6	21	2	3	2	25	41	41	111
2	2	2	6	22	2	3	2	26	41	41	112
2	2	1	3	39	2	3	2	27	41	41	113
2	2	1	3	37	2	3	2	28	41	41	114
2	2	1	3	38	2	3	2	29	41	41	115
2	2	1	3	41	2	3	2	30	41	41	116
2	2	2	6	25	2	3	2	31	41	41	117
2	2	2	6	26	2	3	2	32	41	41	118
2	2	2	6	28	2	3	2	33	41	41	119
2	2	2	6	27	2	3	2	34	41	41	120
2	2	1	3	36	2	3	2	35	41	41	121
2	2	1	3	35	2	3	2	36	41	41	122
2	2	1	3	33	2	3	2	37	41	41	123
2	2	1	3	34	2	3	2	38	41	41	124
2	2	2	6	32	2	3	2	39	41	41	125
2	2	2	6	31	2	3	2	40	41	41	126
2	2	2	6	29	2	3	2	41	41	41	127
2	2	2	6	30	2	3	2	42	41	41	128
2	2	1	4	30	2	1	1	129	51	51	1
2	2	1	4	29	2	1	1	130	51	51	2
2	2	1	4	31	2	1	1	131	51	51	3
2	2	1	4	32	2	1	1	132	51	51	4
2	2	2	5	34	2	1	1	133	51	51	5
2	2	2	5	33	2	1	1	134	51	51	6
2	2	2	5	35	2	1	1	135	51	51	7
2	2	2	5	36	2	1	1	136	51	51	8
2	2	1	4	27	2	1	1	137	51	51	9
2	2	1	4	28	2	1	1	138	51	51	10
2	2	1	4	26	2	1	1	139	51	51	11
2	2	1	4	25	2	1	1	140	51	51	12
2	2	2	5	41	2	1	1	141	51	51	13
2	2	2	5	38	2	1	1	142	51	51	14
2	2	2	5	37	2	1	1	143	51	51	15
2	2	2	5	39	2	1	1	144	51	51	16
2	2	1	4	22	2	1	1	145	51	51	17
2	2	1	4	21	2	1	1	146	51	51	18
2	2	1	4	23	2	1	1	147	51	51	19
2	2	1	4	24	2	1	1	148	51	51	20
2	2	2	5	40	2	1	1	149	51	51	21
2	2	2	5	43	2	1	1	150	51	51	22
2	2	2	5	44	2	1	1	151	51	51	23
2	2	2	5	42	2	1	1	152	51	51	24
2	2	1	4	19	2	1	1	153	51	51	25
2	2	1	4	20	2	1	1	154	51	51	26
2	2	1	4	18	2	1	1	155	51	51	27
2	2	1	4	17	2	1	1	156	51	51	28
2	2	2	5	47	2	1	1	157	51	51	29
2	2	2	5	48	2	1	1	158	51	51	30
2	2	2	5	46	2	1	1	159	51	51	31
2	2	2	5	45	2	1	1	160	51	51	32
2	2	1	4	14	2	1	1	161	51	51	33
2	2	1	4	13	2	1	1	162	51	51	34
2	2	1	4	15	2	1	1	163	51	51	35
2	2	1	4	16	2	1	1	164	51	51	36
2	2	2	5	50	2	1	1	165	51	51	37
2	2	2	5	49	2	1	1	166	51	51	38
2	2	2	5	51	2	1	1	167	51	51	39
2	2	2	5	52	2	1	1	168	51	51	40
2	2	1	4	11	2	1	1	169	51	51	41
2	2	1	4	12	2	1	1	170	51	51	42
2	2	1	4	10	2	1	1	171	51	51	43
2	2	1	4	9	2	1	1	172	51	51	44
2	2	2	5	57	2	1	1	173	51	51	45
2	2	2	5	54	2	1	1	174	51	51	46
2	2	2	5	53	2	1	1	175	51	51	47
2	2	2	5	55	2	1	1	176	51	51	48
2	2	1	4	6	2	1	1	177	51	51	49
2	2	1	4	5	2	1	1	178	51	51	50
2	2	1	4	7	2	1	1	179	51	51	51
2	2	1	4	8	2	1	1	180	51	51	52
2	2	2	5	56	2	1	1	181	51	51	53
2	2	2	5	59	2	1	1	182	51	51	54
2	2	2	5	60	2	1	1	183	51	51	55
2	2	2	5	58	2	1	1	184	51	51	56
2	2	1	4	3	2	1	1	185	51	51	57
2	2	1	4	4	2	1	1	186	51	51	58
2	2	1	4	2	2	1	1	187	51	51	59
2	2	1	4	1	2	1	1	188	51	51	60
2	2	2	5	64	2	1	1	189	51	51	61
2	2	2	5	63	2	1	1	190	51	51	62
2	2	2	5	62	2	1	1	191	51	51	63
2	2	2	5	61	2	1	1	192	51	51	64
2	2	1	4	61	2	1	1	193	51	51	65
2	2	1	4	62	2	1	1	194	51	51	66
2	2	1	4	63	2	1	1	195	51	51	67
2	2	1	4	64	2	1	1	196	51	51	68
2	2	2	5	1	2	1	1	197	51	51	69
2	2	2	5	2	2	1	1	198	51	51	70
2	2	2	5	4	2	1	1	199	51	51	71
2	2	2	5	3	2	1	1	200	51	51	72
2	2	1	4	58	2	1	1	201	51	51	73
2	2	1	4	60	2	1	1	202	51	51	74
2	2	1	4	59	2	1	1	203	51	51	75
2	2	1	4	56	2	1	1	204	51	51	76
2	2	2	5	8	2	1	1	205	51	51	77
2	2	2	5	7	2	1	1	206	51	51	78
2	2	2	5	5	2	1	1	207	51	51	79
2	2	2	5	6	2	1	1	208	51	51	80
2	2	1	4	55	2	1	1	209	51	51	81
2	2	1	4	53	2	1	1	210	51	51	82
2	2	1	4	54	2	1	1	211	51	51	83
2	2	1	4	57	2	1	1	212	51	51	84
2	2	2	5	9	2	1	1	213	51	51	85
2	2	2	5	10	2	1	1	214	51	51	86
2	2	2	5	12	2	1	2	1	51	51	87
2	2	2	5	11	2	1	2	2	51	51	88
2	2	1	4	52	2	1	2	3	51	51	89
2	2	1	4	51	2	1	2	4	51	51	90
2	2	1	4	49	2	1	2	5	51	51	91
2	2	1	4	50	2	1	2	6	51	51	92
2	2	2	5	16	2	1	2	7	51	51	93
2	2	2	5	15	2	1	2	8	51	51	94
2	2	2	5	13	2	1	2	9	51	51	95
2	2	2	5	14	2	1	2	10	51	51	96
2	2	1	4	45	2	1	2	11	51	51	97
2	2	1	4	46	2	1	2	12	51	51	98
2	2	1	4	48	2	1	2	13	51	51	99
2	2	1	4	47	2	1	2	14	51	51	100
2	2	2	5	17	2	1	2	15	51	51	101
2	2	2	5	18	2	1	2	16	51	51	102
2	2	2	5	20	2	1	2	17	51	51	103
2	2	2	5	19	2	1	2	18	51	51	104
2	2	1	4	42	2	1	2	19	51	51	105
2	2	1	4	44	2	1	2	20	51	51	106
2	2	1	4	43	2	1	2	21	51	51	107
2	2	1	4	40	2	1	2	22	51	51	108
2	2	2	5	24	2	1	2	23	51	51	109
2	2	2	5	23	2	1	2	24	51	51	110
2	2	2	5	21	2	1	2	25	51	51	111
2	2	2	5	22	2	1	2	26	51	51	112
2	2	1	4	39	2	1	2	27	51	51	113
2	2	1	4	37	2	1	2	28	51	51	114
2	2	1	4	38	2	1	2	29	51	51	115
2	2	1	4	41	2	1	2	30	51	51	116
2	2	2	5	25	2	1	2	31	51	51	117
2	2	2	5	26	2	1	2	32	51	51	118
2	2	2	5	28	2	1	2	33	51	51	119
2	2	2	5	27	2	1	2	34	51	51	120
2	2	1	4	36	2	1	2	35	51	51	121
2	2	1	4	35	2	1	2	36	51	51	122
2	2	1	4	33	2	1	2	37	51	51	123
2	2	1	4	34	2	1	2	38	51	51	124
2	2	2	5	32	2	1	2	39	51	51	125
2	2	2	5	31	2	1	2	40	51	51	126
2	2	2	5	29	2	1	2	41	51	51	127
2	2	2	5	30	2	1	2	42	51	51	128
2	2	1	5	30	2	5	2	43	59	59	1
2	2	1	5	29	2	5	2	44	59	59	2
2	2	1	5	31	2	5	2	45	59	59	3
2	2	1	5	32	2	5	2	46	59	59	4
2	2	2	4	34	2	5	2	47	59	59	5
2	2	2	4	33	2	5	2	48	59	59	6
2	2	2	4	35	2	5	2	49	59	59	7
2	2	2	4	36	2	5	2	50	59	59	8
2	2	1	5	27	2	5	2	51	59	59	9
2	2	1	5	28	2	5	2	52	59	59	10
2	2	1	5	26	2	5	2	53	59	59	11
2	2	1	5	25	2	5	2	54	59	59	12
2	2	2	4	41	2	5	2	55	59	59	13
2	2	2	4	38	2	5	2	56	59	59	14
2	2	2	4	37	2	5	2	57	59	59	15
2	2	2	4	39	2	5	2	58	59	59	16
2	2	1	5	22	2	5	2	59	59	59	17
2	2	1	5	21	2	5	2	60	59	59	18
2	2	1	5	23	2	5	2	61	59	59	19
2	2	1	5	24	2	5	2	62	59	59	20
2	2	2	4	40	2	5	2	63	59	59	21
2	2	2	4	43	2	5	2	64	59	59	22
2	2	2	4	44	2	5	2	65	59	59	23
2	2	2	4	42	2	5	2	66	59	59	24
2	2	1	5	19	2	5	2	67	59	59	25
2	2	1	5	20	2	5	2	68	59	59	26
2	2	1	5	18	2	5	2	69	59	59	27
2	2	1	5	17	2	5	2	70	59	59	28
2	2	2	4	47	2	5	2	71	59	59	29
2	2	2	4	48	2	5	2	72	59	59	30
2	2	2	4	46	2	5	2	73	59	59	31
2	2	2	4	45	2	5	2	74	59	59	32
2	2	1	5	14	2	5	2	75	59	59	33
2	2	1	5	13	2	5	2	76	59	59	34
2	2	1	5	15	2	5	2	77	59	59	35
2	2	1	5	16	2	5	2	78	59	59	36
2	2	2	4	50	2	5	2	79	59	59	37
2	2	2	4	49	2	5	2	80	59	59	38
2	2	2	4	51	2	5	2	81	59	59	39
2	2	2	4	52	2	5	2	82	59	59	40
2	2	1	5	11	2	5	2	83	59	59	41
2	2	1	5	12	2	5	2	84	59	59	42
2	2	1	5	10	2	5	2	85	59	59	43
2	2	1	5	9	2	5	2	86	59	59	44
2	2	2	4	57	2	5	2	87	59	59	45
2	2	2	4	54	2	5	2	88	59	59	46
2	2	2	4	53	2	5	2	89	59	59	47
2	2	2	4	55	2	5	2	90	59	59	48
2	2	1	5	6	2	5	2	91	59	59	49
2	2	1	5	5	2	5	2	92	59	59	50
2	2	1	5	7	2	5	2	93	59	59	51
2	2	1	5	8	2	5	2	94	59	59	52
2	2	2	4	56	2	5	2	95	59	59	53
2	2	2	4	59	2	5	2	96	59	59	54
2	2	2	4	60	2	5	2	97	59	59	55
2	2	2	4	58	2	5	2	98	59	59	56
2	2	1	5	3	2	5	2	99	59	59	57
2	2	1	5	4	2	5	2	100	59	59	58
2	2	1	5	2	2	5	2	101	59	59	59
2	2	1	5	1	2	5	2	102	59	59	60
2	2	2	4	64	2	5	2	103	59	59	61
2	2	2	4	63	2	5	2	104	59	59	62
2	2	2	4	62	2	5	2	105	59	59	63
2	2	2	4	61	2	5	2	106	59	59	64
2	2	1	5	61	2	5	2	107	59	59	65
2	2	1	5	62	2	5	2	108	59	59	66
2	2	1	5	63	2	5	2	109	59	59	67
2	2	1	5	64	2	5	2	110	59	59	68
2	2	2	4	1	2	5	2	111	59	59	69
2	2	2	4	2	2	5	2	112	59	59	70
2	2	2	4	4	2	5	2	113	59	59	71
2	2	2	4	3	2	5	2	114	59	59	72
2	2	1	5	58	2	5	2	115	59	59	73
2	2	1	5	60	2	5	2	116	59	59	74
2	2	1	5	59	2	5	2	117	59	59	75
2	2	1	5	56	2	5	2	118	59	59	76
2	2	2	4	8	2	5	2	119	59	59	77
2	2	2	4	7	2	5	2	120	59	59	78
2	2	2	4	5	2	5	2	121	59	59	79
2	2	2	4	6	2	5	2	122	59	59	80
2	2	1	5	55	2	5	2	123	59	59	81
2	2	1	5	53	2	5	2	124	59	59	82
2	2	1	5	54	2	5	2	125	59	59	83
2	2	1	5	57	2	5	2	126	59	59	84
2	2	2	4	9	2	5	2	127	59	59	85
2	2	2	4	10	2	5	2	128	59	59	86
2	2	2	4	12	2	5	2	129	59	59	87
2	2	2	4	11	2	5	2	130	59	59	88
2	2	1	5	52	2	5	2	131	59	59	89
2	2	1	5	51	2	5	2	132	59	59	90
2	2	1	5	49	2	5	2	133	59	59	91
2	2	1	5	50	2	5	2	134	59	59	92
2	2	2	4	16	2	5	2	135	59	59	93
2	2	2	4	15	2	5	2	136	59	59	94
2	2	2	4	13	2	5	2	137	59	59	95
2	2	2	4	14	2	5	2	138	59	59	96
2	2	1	5	45	2	5	2	139	59	59	97
2	2	1	5	46	2	5	2	140	59	59	98
2	2	1	5	48	2	5	2	141	59	59	99
2	2	1	5	47	2	5	2	142	59	59	100
2	2	2	4	17	2	5	2	143	59	59	101
2	2	2	4	18	2	5	2	144	59	59	102
2	2	2	4	20	2	5	2	145	59	59	103
2	2	2	4	19	2	5	2	146	59	59	104
2	2	1	5	42	2	5	2	147	59	59	105
2	2	1	5	44	2	5	2	148	59	59	106
2	2	1	5	43	2	5	2	149	59	59	107
2	2	1	5	40	2	5	2	150	59	59	108
2	2	2	4	24	2	5	2	151	59	59	109
2	2	2	4	23	2	5	2	152	59	59	110
2	2	2	4	21	2	5	2	153	59	59	111
2	2	2	4	22	2	5	2	154	59	59	112
2	2	1	5	39	2	5	2	155	59	59	113
2	2	1	5	37	2	5	2	156	59	59	114
2	2	1	5	38	2	5	2	157	59	59	115
2	2	1	5	41	2	5	2	158	59	59	116
2	2	2	4	25	2	5	2	159	59	59	117
2	2	2	4	26	2	5	2	160	59	59	118
2	2	2	4	28	2	5	2	161	59	59	119
2	2	2	4	27	2	5	2	162	59	59	120
2	2	1	5	36	2	5	2	163	59	59	121
2	2	1	5	35	2	5	2	164	59	59	122
2	2	1	5	33	2	5	2	165	59	59	123
2	2	1	5	34	2	5	2	166	59	59	124
2	2	2	4	32	2	5	2	167	59	59	125
2	2	2	4	31	2	5	2	168	59	59	126
2	2	2	4	29	2	5	2	169	59	59	127
2	2	2	4	30	2	5	2	170	59	59	128
2	2	1	6	30	2	1	2	171	38	38	1
2	2	1	6	29	2	1	2	172	38	38	2
2	2	1	6	31	2	1	2	173	38	38	3
2	2	1	6	32	2	1	2	174	38	38	4
2	2	2	3	34	2	1	2	175	38	38	5
2	2	2	3	33	2	1	2	176	38	38	6
2	2	2	3	35	2	1	2	177	38	38	7
2	2	2	3	36	2	1	2	178	38	38	8
2	2	1	6	27	2	1	2	179	38	38	9
2	2	1	6	28	2	1	2	180	38	38	10
2	2	1	6	26	2	1	2	181	38	38	11
2	2	1	6	25	2	1	2	182	38	38	12
2	2	2	3	41	2	1	2	183	38	38	13
2	2	2	3	38	2	1	2	184	38	38	14
2	2	2	3	37	2	1	2	185	38	38	15
2	2	2	3	39	2	1	2	186	38	38	16
2	2	1	6	22	2	1	2	187	38	38	17
2	2	1	6	21	2	1	2	188	38	38	18
2	2	1	6	23	2	1	2	189	38	38	19
2	2	1	6	24	2	1	2	190	38	38	20
2	2	2	3	40	2	1	2	191	38	38	21
2	2	2	3	43	2	1	2	192	38	38	22
2	2	2	3	44	2	1	2	193	38	38	23
2	2	2	3	42	2	1	2	194	38	38	24
2	2	1	6	19	2	1	2	195	38	38	25
2	2	1	6	20	2	1	2	196	38	38	26
2	2	1	6	18	2	1	2	197	38	38	27
2	2	1	6	17	2	1	2	198	38	38	28
2	2	2	3	47	2	1	2	199	38	38	29
2	2	2	3	48	2	1	2	200	38	38	30
2	2	2	3	46	2	1	2	201	38	38	31
2	2	2	3	45	2	1	2	202	38	38	32
2	2	1	6	14	2	1	2	203	38	38	33
2	2	1	6	13	2	1	2	204	38	38	34
2	2	1	6	15	2	1	2	205	38	38	35
2	2	1	6	16	2	1	2	206	38	38	36
2	2	2	3	50	2	1	2	207	38	38	37
2	2	2	3	49	2	1	2	208	38	38	38
2	2	2	3	51	2	1	2	209	38	38	39
2	2	2	3	52	2	1	2	210	38	38	40
2	2	1	6	11	2	1	2	211	38	38	41
2	2	1	6	12	2	1	2	212	38	38	42
2	2	1	6	10	2	1	3	1	38	38	43
2	2	1	6	9	2	1	3	2	38	38	44
2	2	2	3	57	2	1	3	3	38	38	45
2	2	2	3	54	2	1	3	4	38	38	46
2	2	2	3	53	2	1	3	5	38	38	47
2	2	2	3	55	2	1	3	6	38	38	48
2	2	1	6	6	2	1	3	7	38	38	49
2	2	1	6	5	2	1	3	8	38	38	50
2	2	1	6	7	2	1	3	9	38	38	51
2	2	1	6	8	2	1	3	10	38	38	52
2	2	2	3	56	2	1	3	11	38	38	53
2	2	2	3	59	2	1	3	12	38	38	54
2	2	2	3	60	2	1	3	13	38	38	55
2	2	2	3	58	2	1	3	14	38	38	56
2	2	1	6	3	2	1	3	15	38	38	57
2	2	1	6	4	2	1	3	16	38	38	58
2	2	1	6	2	2	1	3	17	38	38	59
2	2	1	6	1	2	1	3	18	38	38	60
2	2	2	3	64	2	1	3	19	38	38	61
2	2	2	3	63	2	1	3	20	38	38	62
2	2	2	3	62	2	1	3	21	38	38	63
2	2	2	3	61	2	1	3	22	38	38	64
2	2	1	6	61	2	1	3	23	38	38	65
2	2	1	6	62	2	1	3	24	38	38	66
2	2	1	6	63	2	1	3	25	38	38	67
2	2	1	6	64	2	1	3	26	38	38	68
2	2	2	3	1	2	1	3	27	38	38	69
2	2	2	3	2	2	1	3	28	38	38	70
2	2	2	3	4	2	1	3	29	38	38	71
2	2	2	3	3	2	1	3	30	38	38	72
2	2	1	6	58	2	1	3	31	38	38	73
2	2	1	6	60	2	1	3	32	38	38	74
2	2	1	6	59	2	1	3	33	38	38	75
2	2	1	6	56	2	1	3	34	38	38	76
2	2	2	3	8	2	1	3	35	38	38	77
2	2	2	3	7	2	1	3	36	38	38	78
2	2	2	3	5	2	1	3	37	38	38	79
2	2	2	3	6	2	1	3	38	38	38	80
2	2	1	6	55	2	1	3	39	38	38	81
2	2	1	6	53	2	1	3	40	38	38	82
2	2	1	6	54	2	1	3	41	38	38	83
2	2	1	6	57	2	1	3	42	38	38	84
2	2	2	3	9	2	1	3	43	38	38	85
2	2	2	3	10	2	1	3	44	38	38	86
2	2	2	3	12	2	1	3	45	38	38	87
2	2	2	3	11	2	1	3	46	38	38	88
2	2	1	6	52	2	1	3	47	38	38	89
2	2	1	6	51	2	1	3	48	38	38	90
2	2	1	6	49	2	1	3	49	38	38	91
2	2	1	6	50	2	1	3	50	38	38	92
2	2	2	3	16	2	1	3	51	38	38	93
2	2	2	3	15	2	1	3	52	38	38	94
2	2	2	3	13	2	1	3	53	38	38	95
2	2	2	3	14	2	1	3	54	38	38	96
2	2	1	6	45	2	1	3	55	38	38	97
2	2	1	6	46	2	1	3	56	38	38	98
2	2	1	6	48	2	1	3	57	38	38	99
2	2	1	6	47	2	1	3	58	38	38	100
2	2	2	3	17	2	1	3	59	38	38	101
2	2	2	3	18	2	1	3	60	38	38	102
2	2	2	3	20	2	1	3	61	38	38	103
2	2	2	3	19	2	1	3	62	38	38	104
2	2	1	6	42	2	1	3	63	38	38	105
2	2	1	6	44	2	1	3	64	38	38	106
2	2	1	6	43	2	1	3	65	38	38	107
2	2	1	6	40	2	1	3	66	38	38	108
2	2	2	3	24	2	1	3	67	38	38	109
2	2	2	3	23	2	1	3	68	38	38	110
2	2	2	3	21	2	1	3	69	38	38	111
2	2	2	3	22	2	1	3	70	38	38	112
2	2	1	6	39	2	1	3	71	38	38	113
2	2	1	6	37	2	1	3	72	38	38	114
2	2	1	6	38	2	1	3	73	38	38	115
2	2	1	6	41	2	1	3	74	38	38	116
2	2	2	3	25	2	1	3	75	38	38	117
2	2	2	3	26	2	1	3	76	38	38	118
2	2	2	3	28	2	1	3	77	38	38	119
2	2	2	3	27	2	1	3	78	38	38	120
2	2	1	6	36	2	1	3	79	38	38	121
2	2	1	6	35	2	1	3	80	38	38	122
2	2	1	6	33	2	1	3	81	38	38	123
2	2	1	6	34	2	1	3	82	38	38	124
2	2	2	3	32	2	1	3	83	38	38	125
2	2	2	3	31	2	1	3	84	38	38	126
2	2	2	3	29	2	1	3	85	38	38	127
2	2	2	3	30	2	1	3	86	38	38	128
2	2	1	7	30	2	5	2	171	39	39	1
2	2	1	7	29	2	5	2	172	39	39	2
2	2	1	7	31	2	5	2	173	39	39	3
2	2	1	7	32	2	5	2	174	39	39	4
2	2	2	2	34	2	5	2	175	39	39	5
2	2	2	2	33	2	5	2	176	39	39	6
2	2	2	2	35	2	5	2	177	39	39	7
2	2	2	2	36	2	5	2	178	39	39	8
2	2	1	7	27	2	5	2	179	39	39	9
2	2	1	7	28	2	5	2	180	39	39	10
2	2	1	7	26	2	5	2	181	39	39	11
2	2	1	7	25	2	5	2	182	39	39	12
2	2	2	2	41	2	5	2	183	39	39	13
2	2	2	2	38	2	5	2	184	39	39	14
2	2	2	2	37	2	5	2	185	39	39	15
2	2	2	2	39	2	5	2	186	39	39	16
2	2	1	7	22	2	5	2	187	39	39	17
2	2	1	7	21	2	5	2	188	39	39	18
2	2	1	7	23	2	5	2	189	39	39	19
2	2	1	7	24	2	5	2	190	39	39	20
2	2	2	2	40	2	5	2	191	39	39	21
2	2	2	2	43	2	5	2	192	39	39	22
2	2	2	2	44	2	5	2	193	39	39	23
2	2	2	2	42	2	5	2	194	39	39	24
2	2	1	7	19	2	5	2	195	39	39	25
2	2	1	7	20	2	5	2	196	39	39	26
2	2	1	7	18	2	5	2	197	39	39	27
2	2	1	7	17	2	5	2	198	39	39	28
2	2	2	2	47	2	5	2	199	39	39	29
2	2	2	2	48	2	5	2	200	39	39	30
2	2	2	2	46	2	5	2	201	39	39	31
2	2	2	2	45	2	5	2	202	39	39	32
2	2	1	7	14	2	5	2	203	39	39	33
2	2	1	7	13	2	5	2	204	39	39	34
2	2	1	7	15	2	5	2	205	39	39	35
2	2	1	7	16	2	5	2	206	39	39	36
2	2	2	2	50	2	5	2	207	39	39	37
2	2	2	2	49	2	5	2	208	39	39	38
2	2	2	2	51	2	5	2	209	39	39	39
2	2	2	2	52	2	5	2	210	39	39	40
2	2	1	7	11	2	5	2	211	39	39	41
2	2	1	7	12	2	5	2	212	39	39	42
2	2	1	7	10	2	5	3	1	39	39	43
2	2	1	7	9	2	5	3	2	39	39	44
2	2	2	2	57	2	5	3	3	39	39	45
2	2	2	2	54	2	5	3	4	39	39	46
2	2	2	2	53	2	5	3	5	39	39	47
2	2	2	2	55	2	5	3	6	39	39	48
2	2	1	7	6	2	5	3	7	39	39	49
2	2	1	7	5	2	5	3	8	39	39	50
2	2	1	7	7	2	5	3	9	39	39	51
2	2	1	7	8	2	5	3	10	39	39	52
2	2	2	2	56	2	5	3	11	39	39	53
2	2	2	2	59	2	5	3	12	39	39	54
2	2	2	2	60	2	5	3	13	39	39	55
2	2	2	2	58	2	5	3	14	39	39	56
2	2	1	7	3	2	5	3	15	39	39	57
2	2	1	7	4	2	5	3	16	39	39	58
2	2	1	7	2	2	5	3	17	39	39	59
2	2	1	7	1	2	5	3	18	39	39	60
2	2	2	2	64	2	5	3	19	39	39	61
2	2	2	2	63	2	5	3	20	39	39	62
2	2	2	2	62	2	5	3	21	39	39	63
2	2	2	2	61	2	5	3	22	39	39	64
2	2	1	7	61	2	5	3	23	39	39	65
2	2	1	7	62	2	5	3	24	39	39	66
2	2	1	7	63	2	5	3	25	39	39	67
2	2	1	7	64	2	5	3	26	39	39	68
2	2	2	2	1	2	5	3	27	39	39	69
2	2	2	2	2	2	5	3	28	39	39	70
2	2	2	2	4	2	5	3	29	39	39	71
2	2	2	2	3	2	5	3	30	39	39	72
2	2	1	7	58	2	5	3	31	39	39	73
2	2	1	7	60	2	5	3	32	39	39	74
2	2	1	7	59	2	5	3	33	39	39	75
2	2	1	7	56	2	5	3	34	39	39	76
2	2	2	2	8	2	5	3	35	39	39	77
2	2	2	2	7	2	5	3	36	39	39	78
2	2	2	2	5	2	5	3	37	39	39	79
2	2	2	2	6	2	5	3	38	39	39	80
2	2	1	7	55	2	5	3	39	39	39	81
2	2	1	7	53	2	5	3	40	39	39	82
2	2	1	7	54	2	5	3	41	39	39	83
2	2	1	7	57	2	5	3	42	39	39	84
2	2	2	2	9	2	5	3	43	39	39	85
2	2	2	2	10	2	5	3	44	39	39	86
2	2	2	2	12	2	5	3	45	39	39	87
2	2	2	2	11	2	5	3	46	39	39	88
2	2	1	7	52	2	5	3	47	39	39	89
2	2	1	7	51	2	5	3	48	39	39	90
2	2	1	7	49	2	5	3	49	39	39	91
2	2	1	7	50	2	5	3	50	39	39	92
2	2	2	2	16	2	5	3	51	39	39	93
2	2	2	2	15	2	5	3	52	39	39	94
2	2	2	2	13	2	5	3	53	39	39	95
2	2	2	2	14	2	5	3	54	39	39	96
2	2	1	7	45	2	5	3	55	39	39	97
2	2	1	7	46	2	5	3	56	39	39	98
2	2	1	7	48	2	5	3	57	39	39	99
2	2	1	7	47	2	5	3	58	39	39	100
2	2	2	2	17	2	5	3	59	39	39	101
2	2	2	2	18	2	5	3	60	39	39	102
2	2	2	2	20	2	5	3	61	39	39	103
2	2	2	2	19	2	5	3	62	39	39	104
2	2	1	7	42	2	5	3	63	39	39	105
2	2	1	7	44	2	5	3	64	39	39	106
2	2	1	7	43	2	5	3	65	39	39	107
2	2	1	7	40	2	5	3	66	39	39	108
2	2	2	2	24	2	5	3	67	39	39	109
2	2	2	2	23	2	5	3	68	39	39	110
2	2	2	2	21	2	5	3	69	39	39	111
2	2	2	2	22	2	5	3	70	39	39	112
2	2	1	7	39	2	5	3	71	39	39	113
2	2	1	7	37	2	5	3	72	39	39	114
2	2	1	7	38	2	5	3	73	39	39	115
2	2	1	7	41	2	5	3	74	39	39	116
2	2	2	2	25	2	5	3	75	39	39	117
2	2	2	2	26	2	5	3	76	39	39	118
2	2	2	2	28	2	5	3	77	39	39	119
2	2	2	2	27	2	5	3	78	39	39	120
2	2	1	7	36	2	5	3	79	39	39	121
2	2	1	7	35	2	5	3	80	39	39	122
2	2	1	7	33	2	5	3	81	39	39	123
2	2	1	7	34	2	5	3	82	39	39	124
2	2	2	2	32	2	5	3	83	39	39	125
2	2	2	2	31	2	5	3	84	39	39	126
2	2	2	2	29	2	5	3	85	39	39	127
2	2	2	2	30	2	5	3	86	39	39	128
