0 64
0 67
0 68
0 72
0 73
0 82
0 90
0 106
0 112
0 113
0 114
0 115
0 116
0 117
0 120
0 121
0 125
0 126
1 55
1 72
2 2
2 59
2 67
2 73
2 118
2 126
3 0
4 68
5 16
5 20
5 22
5 24
5 61
5 71
5 105
5 113
6 100
7 9
7 41
7 63
11 49
11 98
11 100
11 101
11 102
13 5
13 100
14 81
16 96
16 97
16 98
16 99
16 100
16 101
16 102
16 103
17 124
18 0
18 1
18 2
18 3
18 4
18 5
18 6
18 8
18 9
18 10
18 15
18 16
18 57
18 61
18 62
21 57
21 64
21 69
21 73
21 77
21 78
21 113
22 60
26 76
31 112
31 113
31 114
31 115
31 116
31 117
31 118
31 119
32 38
32 121
32 122
32 123
32 124
32 125
34 63
35 0
35 2
35 3
35 4
35 5
35 6
35 7
35 8
35 9
35 10
35 11
35 12
35 14
35 15
35 17
35 23
35 35
36 17
36 40
36 41
36 43
36 44
36 45
36 47
36 56
36 61
36 62
36 63
36 109
39 31
42 70
45 59
47 6
49 0
49 2
49 51
49 52
53 95
53 106
53 109
56 24
56 32
57 17
60 126
63 120
