   1   3   3         0
   1   0   1       129
   1   0   2       205
   1   0   3       167
   1   0   4      -110
   1   0   5       224
   1   0   6       501
   1   1   1      -221
   1   1   2      -134
   1   1   3      -159
   1   1   4      -324
   1   1   5       205
   1   1   6       433
   1   2   1      -621
   1   2   2      -559
   1   2   3      -443
   1   2   4      -595
   1   2   5       157
   1   2   6       569
   1   3   1      -577
   1   3   2        22
   1   3   4      -627
   1   3   5       939
   1   3   6      1559
   1   4   1      -689
   1   4   2        36
   1   4   3       -85
   1   4   4      -486
   1   4   5       771
   1   4   6      1313
   1   5   1      -554
   1   5   2       156
   1   5   3        17
   1   5   4      -170
   1   5   5       756
   1   5   6      1210
   1   6   0     -1324
   1   6   1      -451
   1   6   2       193
   1   6   3        64
   1   6   4        -7
   1   6   5       448
   1   6   6       627
