   1   1   1   0         -76172.7                3
   1   1   1   1         -46692.2                3
   1   1   2   0         -75989.7                3
   1   1   2   1         -46142.9                3
   1   1   3   0         -75671.5                3
   1   1   3   1         -46373.9                3
   1   1   4   0           -75468                3
   1   1   4   1         -46329.1                3
   1   1   5   0           -76651                3
   1   1   5   1         -46873.2                3
   1   1   6   0         -76486.7                3
   1   1   6   1         -45579.1                3
   1   0   0   0         -77093.9                3
   1   0   0   1         -49030.3                3
   1   0   1   0         -77161.7                3
   1   0   1   1         -45453.9                3
   1   0   2   0         -76749.1                3
   1   0   2   1         -47779.8                3
   1   0   3   0         -75706.6                3
   1   0   3   1         -45025.5                3
   1   0   4   0         -76504.3                3
   1   0   4   1         -46740.8                3
   1   0   5   0         -76340.5                3
   1   0   5   1         -44696.4                3
   1   0   6   0           -75578                3
   1   0   6   1         -45156.1                3
   0   0   0   0                0           -99999
   0   0   0   1                0           -99999
   0   0   1   0         -79144.3                3
   0   0   1   1         -77073.4                3
   0   0   2   0           -78986                3
   0   0   2   1         -76728.8                3
   0   0   3   0         -77891.9                3
   0   0   3   1         -81726.4                3
   0   0   4   0           -78234                3
   0   0   4   1         -76597.4                3
   0   0   5   0         -83196.2                3
   0   0   5   1         -76042.6                3
   0   0   6   0         -82553.4                3
   0   0   6   1         -80191.5                3
   0   0   7   0         -82968.2                3
   0   0   7   1         -75543.7                3
   0   0   8   0                0           -99999
   0   0   8   1                0           -99999
   0   0   9   0                0           -99999
   0   0   9   1                0           -99999
   0   1   0   0         -83655.7                5
   0   1   0   1         -82013.2                5
   0   1   1   0         -75897.4                5
   0   1   1   1         -80756.7                5
   0   1   2   0         -82112.3                5
   0   1   2   1         -80933.1                5
   0   1   3   0         -82405.3                5
   0   1   3   1         -80727.4                5
   0   1   4   0         -82073.9                5
   0   1   4   1         -81382.7                5
   0   1   5   0         -81301.2                5
   0   1   5   1         -80635.3                5
   0   1   6   0         -81973.4                5
   0   1   6   1         -80646.2                5
   0   1   7   0                0           -99999
   0   1   7   1         	0           -99999
   0   1   8   0                0           -99999
   0   1   8   1                0           -99999
   0   1   9   0                0           -99999
   0   1   9   1                0           -99999
   2   0   0   0                0           -99999
   2   0   0   1                0           -99999
   2   0   1   0                0           -99999
   2   0   1   1                0           -99999
   2   0   2   0                0           -99999
   2   0   2   1                0           -99999
   2   0   3   0                0           -99999
   2   0   3   1                0           -99999
   2   0   4   0                0           -99999
   2   0   4   1                0           -99999
   2   0   5   0                0           -99999
   2   0   5   1                0           -99999
   2   0   6   0                0           -99999
   2   0   6   1                0           -99999
   2   0   7   0                0           -99999
   2   0   7   1                0           -99999
   2   0   8   0                0           -99999
   2   0   8   1                0           -99999
   2   0   9   0                0           -99999
   2   0   9   1                0           -99999
   2   1   0   0                0           -99999
   2   1   0   1                0           -99999
   2   1   1   0                0           -99999
   2   1   1   1                0           -99999
   2   1   2   0                0           -99999
   2   1   2   1                0           -99999
   2   1   3   0                0           -99999
   2   1   3   1                0           -99999
   2   1   4   0                0           -99999
   2   1   4   1                0           -99999
   2   1   5   0                0           -99999
   2   1   5   1                0           -99999
   2   1   6   0                0           -99999
   2   1   6   1                0           -99999
   2   1   7   0                0           -99999
   2   1   7   1                0           -99999
   2   1   8   1                0           -99999
   2   1   9   0                0           -99999
   2   1   9   1                0           -99999
