   1   1   0   0         -76420.2                3
   1   1   0   1         -71756.5                3
   1   1   1   0         -75545.6                3
   1   1   1   1         -72587.4                3
   1   1   2   0         -75565.6                3
   1   1   2   1         -72733.2                3
   1   1   3   0         -75005.4                3
   1   1   3   1         -72109.8                3
   1   1   4   0         -74756.7                3
   1   1   4   1         -73707.4                3
   1   1   5   0           -75918                3
   1   1   5   1         -73352.4                3
   1   1   6   0         -75921.3                3
   1   1   6   1         -73696.2                3
   1   0   0   0         -77100.9                3
   1   0   0   1           -73946                3
   1   0   1   0         -76931.8                3
   1   0   1   1         -74695.6                3
   1   0   2   0         -76714.6                3
   1   0   2   1           -74912                3
   1   0   3   0         -75158.2                3
   1   0   3   1         -73159.4                3
   1   0   4   0         -75855.5                3
   1   0   4   1         -74183.7                3
   1   0   5   0         -76670.7                3
   1   0   5   1         -73619.3                3
   1   0   6   0         -75461.8                3
   1   0   6   1         -72641.9                3
   0   0   0   0                0                0
   0   0   0   1                0                0
   0   0   1   0         -78093.5                5
   0   0   1   1         -74858.8                5
   0   0   2   0         -77680.3                5
   0   0   2   1         -75407.3                5
   0   0   3   0         -76613.7                5
   0   0   3   1         -79788.8                5
   0   0   4   0         -76904.6                5
   0   0   4   1         -75122.6                5
   0   0   5   0         -81939.5                5
   0   0   5   1         -74419.8                5
   0   0   6   0         -81274.8                5
   0   0   6   1         -78701.6                5
   0   0   7   0         -81764.1                5
   0   0   7   1           -74160                5
   0   0   8   0         -75387.7                5
   0   0   8   1         -78648.8                5
   0   0   9   0                0                0
   0   0   9   1                0                0
   0   1   0   0                0                0
   0   1   0   1                0                0
   0   1   1   0         -75235.3                5
   0   1   1   1         -78310.5                5
   0   1   2   0         -81511.6                5
   0   1   2   1         -78816.5                5
   0   1   3   0         -81727.6                5
   0   1   3   1         -78639.5                5
   0   1   4   0         -81388.9                5
   0   1   4   1           -78958                5
   0   1   5   0         -80675.9                5
   0   1   5   1         -78622.5                5
   0   1   6   0         -81346.5                5
   0   1   6   1           -78985                5
   0   1   7   0         -74151.3                5
   0   1   7   1         -78758.4                5
   0   1   8   0         -75835.3                5
   0   1   8   1           -73810                5
   0   1   9   0                0                0
   0   1   9   1                0                0
   2   0   0   0                0                0
   2   0   0   1                0                0
   2   0   1   0                0                0
   2   0   1   1                0                0
   2   0   2   0                0                0
   2   0   2   1                0                0
   2   0   3   0                0                0
   2   0   3   1                0                0
   2   0   4   0                0                0
   2   0   4   1                0                0
   2   0   5   0                0                0
   2   0   5   1                0                0
   2   0   6   0                0                0
   2   0   6   1                0                0
   2   0   7   0                0                0
   2   0   7   1                0                0
   2   0   8   0                0                0
   2   0   8   1                0                0
   2   0   9   0                0                0
   2   0   9   1                0                0
   2   1   0   0                0                0
   2   1   0   1                0                0
   2   1   1   0                0                0
   2   1   1   1                0                0
   2   1   2   0                0                0
   2   1   2   1                0                0
   2   1   3   0                0                0
   2   1   3   1                0                0
   2   1   4   0                0                0
   2   1   4   1                0                0
   2   1   5   0                0                0
   2   1   5   1                0                0
   2   1   6   0                0                0
   2   1   6   1                0                0
   2   1   7   0                0                0
   2   1   7   1                0                0
   2   1   8   0                0                0
   2   1   8   1                0                0
   2   1   9   0                0                0
   2   1   9   1                0                0