   0   0   0   0                0                0                0                0
   0   0   0   1                0                0                0                0
   0   1   0   0                0                0                0                0
   0   1   0   1                0                0                0                0
   0   0   1   0                0                0                0                0
   0   0   1   1                0                0                0                0
   0   1   1   0          126.478          686.685          -854794         -9.59356
   0   1   1   1          4967.19          -1536.1      3.24672e+07     -1.51511e+11
   0   0   2   0          -108.42          340.181          -343553          15.5408
   0   0   2   1          1739.28          1333.02     -4.19579e+06          -147778
   0   1   2   0          488.241          397.287     -1.52157e+06      0.000250487
   0   1   2   1          1558.65          276.592      1.47279e+06     -8.05003e+09
   0   0   3   0          19.4648          543.091          -657302           61.192
   0   0   3   1          261.982          602.432          -991692         -188.107
   0   1   3   0          745.145          873.749     -1.96606e+06     -0.000120126
   0   1   3   1         -25.7824          893.354          -803321          1624.81
   0   0   4   0          104.332           543.68          -730433          69.9512
   0   0   4   1          301.708          656.604     -1.04348e+06          15.1176
   0   1   4   0          511.068          731.051     -1.70353e+06          20781.3
   0   1   4   1          225.591          537.671     -1.04741e+06         -48317.2
   0   0   5   0          158.797          616.094          -789573      -1.5808e+07
   0   0   5   1          344.335          703.551     -1.21609e+06          82.5299
   0   1   5   0          4464.43         -3193.02      5.33014e+07     -2.09482e+11
   0   1   5   1          1278.44          218.962      1.25213e+06     -6.10619e+09
   0   0   6   0         -35.0926          413.594          -438027         -81.2779
   0   0   6   1          279.868          734.203      -1.0443e+06         -7939.43
   0   1   6   0           211.86          525.785     -1.14412e+06          475.858
   0   1   6   1          1991.96         -21.9175      4.66789e+06     -1.81238e+10
   0   0   7   0          391.075          991.218     -1.40033e+06           -10101
   0   0   7   1          4135.21          2389.05     -1.25514e+07      2.18431e+06
   0   1   7   0          48.4732          1490.89          -730710           -15980
   0   1   7   1          602.189          531.299      -1.6845e+06       0.00047335
   0   0   8   0                0                0                0                0
   0   0   8   1                0                0                0                0
   0   1   8   0          538.384          520.872     -1.13541e+06     -9.34406e+08
   0   1   8   1          607.455          647.755     -1.86928e+06         -4229.91
   0   0   9   0                0                0                0                0
   0   0   9   1                0                0                0                0
   0   1   9   0                0                0                0                0
   0   1   9   1                0                0                0                0
   1   0   0   0          5245.84          2040.62     -1.74449e+07      2.27386e+10
   1   0   0   1          543.574           781.22     -1.52487e+06         -8008.47
   1   1   0   0                0                0                0                0
   1   1   0   1                0                0                0                0
   1   0   1   0          3494.05         -1863.75      2.61206e+07     -8.60167e+10
   1   0   1   1          2755.68          -899.07      1.39471e+07     -4.24871e+10
   1   1   1   0          3019.94         -2225.99      2.97412e+07     -8.60295e+10
   1   1   1   1          155.231          781.929          -769077         -326.564
   1   0   2   0          15444.9         -17544.6      7.09899e+08     -6.96925e+12
   1   0   2   1          358.925          703.431     -1.03915e+06          684.814
   1   1   2   0          435.628          411.757           269985     -1.23261e+09
   1   1   2   1          4061.91         -8153.41      1.04884e+08     -3.17313e+11
   1   0   3   0          9190.93          2978.89     -3.58226e+07      3.89476e+10
   1   0   3   1          556.452           569.43          -839339      -3.8845e+08
   1   1   3   0          3660.76         -2891.58      4.34634e+07     -1.42805e+11
   1   1   3   1          4334.61         -4892.56      7.40874e+07     -2.53776e+11
   1   0   4   0          877.353           1027.4     -2.42281e+06         -2050.68
   1   0   4   1          326.795          639.317     -1.06295e+06         -2608.02
   1   1   4   0          481.323          785.223          -377701     -1.15867e+09
   1   1   4   1          7570.23         -7462.47      1.76623e+08     -9.55767e+11
   1   0   5   0          480.049          749.647     -1.68737e+06         -452.033
   1   0   5   1          364.679          645.728     -1.22291e+06         -65.9086
   1   1   5   0          6907.35          3116.16     -2.71506e+07      1.88269e+10
   1   1   5   1           211.67          717.861          -774793     -2.65107e+07
   1   0   6   0          3569.62          1869.06     -9.48474e+06         -43109.4
   1   0   6   1          280.355          654.455     -1.10517e+06          341.063
   1   1   6   0          1158.19           1.8948      3.68554e+06     -8.04295e+09
   1   1   6   1          2922.53          1867.81      -4.7333e+06     -9.43867e+09
   2   0   0   0                0                0                0                0
   2   0   0   1                0                0                0                0
   2   1   0   0                0                0                0                0
   2   1   0   1                0                0                0                0
   2   0   1   0          281.292          560.626          -893054         -556.473
   2   0   1   1           869.49          344.206          22417.5     -1.99393e+09
   2   1   1   0                0                0                0                0
   2   1   1   1                0                0                0                0
   2   0   2   0          109.953          457.747          -650743          946.356
   2   0   2   1          402.077          559.787      -1.2299e+06          15857.9
   2   1   2   0          601.809           517.88           533064     -1.82158e+09
   2   1   2   1          1265.18         -53.3415      3.13457e+06     -7.16824e+09
   2   0   3   0          118.874          546.513          -676149         -1371.39
   2   0   3   1          665.475          700.692     -1.52083e+06         -1522.75
   2   1   3   0          39.7415           510.66          -838202          693.341
   2   1   3   1           111.92          632.316          -716781         -4676.92
   2   0   4   0           2194.9         -877.566      1.08642e+07     -2.84956e+10
   2   0   4   1          155.126          487.899          -892508          -3136.7
   2   1   4   0          342.987          740.039      -1.3497e+06          3727.43
   2   1   4   1          255.828          605.986          -681427     -1.84478e+08
   2   0   5   0          38.4333          437.979          -474886          156.473
   2   0   5   1           205.01          565.009          -979776         -85288.5
   2   1   5   0           225.21          581.501     -1.07638e+06         -2342.13
   2   1   5   1          346.911           469.76          -458353     -5.05733e+08
   2   0   6   0          190.327          487.145          -710893     -1.29273e+08
   2   0   6   1          520.783          345.658          -217372     -1.00696e+09
   2   1   6   0           226.88          721.234      -1.1968e+06         -8205.31
   2   1   6   1           245.33          578.236          -736219     -1.81362e+08
   2   0   7   0          359.386          421.382          -317916     -7.54762e+08
   2   0   7   1          470.126          461.567          -761053     -6.44324e+08
   2   1   7   0          374.151          758.637      -1.4984e+06     -1.05068e+06
   2   1   7   1          1236.69         -316.233      4.39685e+06     -8.87889e+09
   2   0   8   0          299.022          672.522     -1.14823e+06         -273.104
   2   0   8   1           255.75          388.697          -680369     -4.30641e+08
   2   1   8   0          430.779         -93.2293      1.39357e+06     -2.34828e+09
   2   1   8   1          607.964         -236.768      2.28328e+06      -3.6412e+09
   2   0   9   0            759.1          26.2828      1.53944e+06     -3.14144e+09
   2   0   9   1         -27.6627          350.344          -415972         -5103.99
   2   1   9   0                0                0                0                0
   2   1   9   1                0                0                0                0
