   0   0   0   0                0                0                0                0
   0   0   0   1                0                0                0                0
   0   1   0   0                0                0                0                0
   0   1   0   1                0                0                0                0
   0   0   1   0          536.078          263.777           704347     -1.06125e+09
   0   0   1   1          1390.71          -1837.4      1.13128e+07     -1.49855e+10
   0   1   1   0          204.978          691.708          -714734         -15926.8
   0   1   1   1          270.998          499.659          -790791         -2850.14
   0   0   2   0          567.926          918.763     -1.28815e+06      7.42335e+06
   0   0   2   1          210.794          670.919          -762026         -95.1235
   0   1   2   0           818.57          596.311     -1.84672e+06         -1345.87
   0   1   2   1          1285.85          333.569      1.18819e+06     -5.33695e+09
   0   0   3   0          94.6291          679.443          -610684          2938.76
   0   0   3   1          115.168          499.208          -603705         -5835.19
   0   1   3   0          258.501          551.952          -651856     -8.87913e+07
   0   1   3   1          946.292         -746.213      5.59531e+06     -6.74344e+09
   0   0   4   0          276.882          636.704          -780630          60.0116
   0   0   4   1          91.9919          505.445          -526247         -2230.89
   0   1   4   0            11262          4408.72     -5.65931e+07      1.58872e+10
   0   1   4   1           1073.8          64.0495      2.08947e+06     -4.83094e+09
   0   0   5   0          1154.83         -420.156      4.83593e+06     -7.86116e+09
   0   0   5   1          10528.7          3873.55     -4.78235e+07      3.86029e+10
   0   1   5   0          1607.83         -515.963      6.34733e+06     -1.43723e+10
   0   1   5   1          168.088          612.139          -861446          16548.2
   0   0   6   0           2464.1         -1573.74      1.80088e+07     -4.16707e+10
   0   0   6   1          57.9494          570.711          -492019         -90.5858
   0   1   6   0          333.699          616.687     -1.05939e+06          5496.38
   0   1   6   1          251.402          439.225          -484153     -2.54205e+08
   0   0   7   0          93.6462          706.506          -583088         -240.042
   0   0   7   1          65.4607          625.797          -559334          78.7829
   0   1   7   0          876.968          3727.75     -3.87083e+06     -3.64618e+08
   0   1   7   1          7208.29          1004.42          -849765     -7.04722e+10
   0   0   8   0          3679.07          6707.06     -2.85099e+07      3.59276e+09
   0   0   8   1          274.812          1007.17          -721602         -7223.84
   0   1   8   0           529.11          783.876     -1.59449e+06          -602.26
   0   1   8   1          322.472          635.022     -1.16048e+06         -667.976
   0   0   9   0                0                0                0                0
   0   0   9   1                0                0                0                0
   0   1   9   0            430.3          515.089     -1.04664e+06         -2702.71
   0   1   9   1          243.122           493.09          -814316         -117.693
   1   0   0   0          467.751          432.672          -220857     -7.38159e+08
   1   0   0   1         -2.43056           501.53          -511173         -4043.84
   1   1   0   0          1688.73          1360.68     -2.40839e+06     -2.55865e+09
   1   1   0   1          -5.7894          539.138          -391346         -1505.26
   1   0   1   0          705.881          808.929     -1.53431e+06          88.2367
   1   0   1   1          664.109          878.454      -1.5021e+06         -2079.18
   1   1   1   0          299.042          769.937          -289636     -6.17538e+08
   1   1   1   1          225.947           899.71          -883377          58394.2
   1   0   2   0          96.8126           582.91          -595625         -43.6866
   1   0   2   1          360.625          741.832          -953718          469.906
   1   1   2   0          586.267          1060.32          -923567     -4.94426e+08
   1   1   2   1          687.938          1375.57     -1.91952e+06         -1662.97
   1   0   3   0          307.567          688.217          -897282     -4.62204e+07
   1   0   3   1          461.933          753.863     -1.10021e+06         -2400.24
   1   1   3   0          261.453          800.661          -829074     -6.99838e+07
   1   1   3   1          509.207          416.311           309301     -1.12434e+09
   1   0   4   0          321.962          766.912     -1.01191e+06          3179.62
   1   0   4   1          237.418          678.529          -837928          219.469
   1   1   4   0          453.669          1034.43          -712294     -4.88378e+08
   1   1   4   1          58.1024          795.643          -609146          -81.798
   1   0   5   0          2772.35         -1373.45      1.81769e+07     -5.21476e+10
   1   0   5   1          251.515          672.159          -936998          -1764.1
   1   1   5   0          1226.26          1265.86     -1.96949e+06     -1.06947e+09
   1   1   5   1           114.22           803.88          -699419          365.841
   1   0   6   0          17.1356           181.67         -95733.2     -1.25523e+08
   1   0   6   1          3366.48          -2959.7       4.1419e+07     -1.24761e+11
   1   1   6   0          462.071           390.12           347882     -9.40516e+08
   1   1   6   1          2690.39         -5539.09      4.93401e+07     -1.04252e+11
   2   0   0   0                0                0                0                0
   2   0   0   1                0                0                0                0
   2   1   0   0                0                0                0                0
   2   1   0   1                0                0                0                0
   2   0   1   0                0                0                0                0
   2   0   1   1                0                0                0                0
   2   1   1   0                0                0                0                0
   2   1   1   1                0                0                0                0
   2   0   2   0                0                0                0                0
   2   0   2   1                0                0                0                0
   2   1   2   0                0                0                0                0
   2   1   2   1                0                0                0                0
   2   0   3   0                0                0                0                0
   2   0   3   1                0                0                0                0
   2   1   3   0                0                0                0                0
   2   1   3   1                0                0                0                0
   2   0   4   0                0                0                0                0
   2   0   4   1                0                0                0                0
   2   1   4   0                0                0                0                0
   2   1   4   1                0                0                0                0
   2   0   5   0                0                0                0                0
   2   0   5   1                0                0                0                0
   2   1   5   0                0                0                0                0
   2   1   5   1                0                0                0                0
   2   0   6   0                0                0                0                0
   2   0   6   1                0                0                0                0
   2   1   6   0                0                0                0                0
   2   1   6   1                0                0                0                0
   2   0   7   0                0                0                0                0
   2   0   7   1                0                0                0                0
   2   1   7   0                0                0                0                0
   2   1   7   1                0                0                0                0
   2   0   8   0                0                0                0                0
   2   0   8   1                0                0                0                0
   2   1   8   0                0                0                0                0
   2   1   8   1                0                0                0                0
   2   0   9   0                0                0                0                0
   2   0   9   1                0                0                0                0
   2   1   9   0                0                0                0                0
   2   1   9   1                0                0                0                0