   0   0   0   0                0                0                0                0
   0   0   0   1                0                0                0                0
   0   1   0   0          593.544          493.985     -1.31154e+06         -5435.44
   0   1   0   1          255.328          525.694     -1.02675e+06          97.0199
   0   0   1   0          42.5435          765.002          -783728      9.28105e+07
   0   0   1   1          11.0745          590.521          -489192          614.962
   0   1   1   0          1206.15         -203.185       3.4937e+06     -7.46088e+09
   0   1   1   1          455.133           501.74     -1.33366e+06         -838.031
   0   0   2   0          123.551          535.661          -746184         -1369.66
   0   0   2   1          74.9567          578.733          -894535         -52.4731
   0   1   2   0          709.196          456.686     -1.88496e+06          7021.73
   0   1   2   1          179.248          377.898          -902420         -11932.1
   0   0   3   0          730.765          351.549           256436     -2.22542e+09
   0   0   3   1          55.5612          466.843          -736181         -213.295
   0   1   3   0          5024.32          -3237.6       5.8144e+07     -2.43664e+11
   0   1   3   1          3228.99         -6796.74      7.29628e+07     -1.86402e+11
   0   0   4   0          1820.17         -409.938      6.46486e+06     -1.75578e+10
   0   0   4   1          596.535          302.428           199820     -1.56814e+09
   0   1   4   0          9071.26         -11483.4      2.86779e+08     -1.76544e+12
   0   1   4   1           2956.4         -1167.25      1.82418e+07     -6.03762e+10
   0   0   5   0          966.145           160.48      1.30727e+06     -4.05252e+09
   0   0   5   1          2060.22         -1381.92      1.51533e+07     -3.58461e+10
   0   1   5   0          245.395          524.272     -1.15723e+06         -1113.67
   0   1   5   1          3831.16         -2587.11      3.84299e+07     -1.34494e+11
   0   0   6   0          950.865          76.4106      1.79452e+06     -4.35567e+09
   0   0   6   1           742.31          148.892      1.25413e+06     -2.88444e+09
   0   1   6   0          855.056          315.016         -30822.7     -2.46341e+09
   0   1   6   1          5367.73         -3789.85      7.00842e+07     -3.09499e+11
   0   0   7   0          801.456          231.684           998088     -3.12536e+09
   0   0   7   1          575.363          1125.61     -1.96265e+06         -5526.47
   0   1   7   0          497.031          1564.42          -565185     -8.48138e+08
   0   1   7   1         -9.30588           551.63     -1.60084e+06      4.56599e+08
   0   0   8   0          305.372          1295.58     -1.23817e+06           231723
   0   0   8   1          637.657         -113.073       2.4336e+06     -3.55955e+09
   0   1   8   0          198.451          467.631     -1.11865e+06         -2377.39
   0   1   8   1          7017.93         -8156.22       1.6755e+08      -8.5194e+11
   0   0   9   0                0                0                0                0
   0   0   9   1                0                0                0                0
   0   1   9   0          1890.54         -507.158      6.88078e+06     -1.98265e+10
   0   1   9   1          338.105          272.471          -309285     -7.95497e+08
   1   0   0   0          357.279           574.85     -1.33084e+06          20319.2
   1   0   0   1          102.674          466.624          -755227          -3962.5
   1   1   0   0          18561.4         -40800.9      1.74865e+09     -1.86247e+13
   1   1   0   1          453.891          706.664          -927615     -1.60243e+08
   1   0   1   0          813.732          828.982     -2.25581e+06          186.711
   1   0   1   1          5953.53         -216.637      2.06508e+07     -1.42517e+11
   1   1   1   0          421.116          918.261     -1.61567e+06         -61917.4
   1   1   1   1           76.065          633.545          -659194         -4557.82
   1   0   2   0           622.33          971.962     -2.02559e+06         -30890.6
   1   0   2   1          1896.52         -1298.65      1.21798e+07     -2.54518e+10
   1   1   2   0          1298.18         -517.505      6.54495e+06     -1.25998e+10
   1   1   2   1          1239.94         -137.064      3.83221e+06     -7.67761e+09
   1   0   3   0          10396.3          2674.48     -3.65097e+07      4.72031e+10
   1   0   3   1          2724.34          1259.78     -5.34634e+06         -63818.3
   1   1   3   0          541.001          157.971           842201       -2.176e+09
   1   1   3   1          102.496          583.426          -665450          2828.22
   1   0   4   0          3334.58          1771.98     -8.87823e+06         -82238.7
   1   0   4   1          550.406          659.958     -1.35724e+06          2335.55
   1   1   4   0          79.5373          556.997          -564788     -8.89849e+07
   1   1   4   1          201.637          211.551          78442.7      -3.4927e+08
   1   0   5   0          5284.86         -997.726       2.8248e+07     -1.57076e+11
   1   0   5   1          653.889          651.108     -1.39857e+06     -2.44694e+08
   1   1   5   0          446.036          150.673           641150     -1.46303e+09
   1   1   5   1          245.799          771.703          -948093           -26959
   1   0   6   0          245.196          555.364     -1.17415e+06         -2309.52
   1   0   6   1          2448.35         -151.858      7.03257e+06     -2.56339e+10
   1   1   6   0          7466.54          -6815.4      1.56963e+08     -8.47358e+11
   1   1   6   1          1494.36         -906.384       8.0697e+06     -1.44008e+10
   2   0   0   0           -48.19           347.95          -368673         -41.4037
   2   0   0   1          468.371          534.745          -956611     -5.57946e+08
   2   1   0   0           146.44          201.045          5120.92     -2.07842e+08
   2   1   0   1           1090.2         -1672.49      7.95519e+06     -9.09685e+09
   2   0   1   0          196.497          454.663          -841232          7222.47
   2   0   1   1          1276.27          245.451           537516     -4.49095e+09
   2   1   1   0          2624.59         -1976.04       2.1851e+07     -5.73149e+10
   2   1   1   1          409.582          17.1141           826824     -1.07937e+09
   2   0   2   0          141.513          422.279          -652300          -1336.2
   2   0   2   1          1241.51         -106.201       2.2061e+06     -6.12367e+09
   2   1   2   0          149.648          804.341          -874412         -697.779
   2   1   2   1          216.195          575.956          -857856         -837.052
   2   0   3   0          1483.47          963.661     -2.72126e+06         -19539.7
   2   0   3   1          3639.89         -2207.06      3.05972e+07     -1.01973e+11
   2   1   3   0          100.166          417.012          -831586         -60225.2
   2   1   3   1           409.83          687.742     -1.05837e+06         -43474.3
   2   0   4   0          607.433          574.872     -1.39717e+06         -6223.63
   2   0   4   1          1079.45         -108.614      2.32301e+06     -5.89957e+09
   2   1   4   0          644.709          262.311           153419     -1.88516e+09
   2   1   4   1          208.891          344.512          -308304     -2.90174e+08
   2   0   5   0          286.084          396.487          -436582     -2.45339e+08
   2   0   5   1          4013.68         -2549.73      4.01622e+07     -1.45765e+11
   2   1   5   0          3764.84         -2125.48      3.28176e+07      -1.1692e+11
   2   1   5   1          816.853          224.333           566051     -2.48044e+09
   2   0   6   0          272.263          349.237          -474481     -3.41902e+08
   2   0   6   1          145.737          502.499          -945747         -10909.8
   2   1   6   0          2167.36         -1041.68       1.2793e+07     -3.35425e+10
   2   1   6   1          2647.07         -3115.54      3.12634e+07     -7.57365e+10
   2   0   7   0          829.576          244.319           397896     -2.51659e+09
   2   0   7   1          1046.14          319.966          4003.58     -3.14555e+09
   2   1   7   0          364.752          679.986     -1.47781e+06          97750.4
   2   1   7   1          282.644          277.229          -202187     -4.64177e+08
   2   0   8   0          1551.88          -89.557      3.01264e+06     -8.50507e+09
   2   0   8   1          285.794          330.075          -558023     -4.44917e+08
   2   1   8   0         -6.25414          476.006          -740376          -8048.6
   2   1   8   1         -53.0223          426.785          -565158         -6326.18
   2   0   9   0          57.5347          398.712          -530118     -1.29809e+07
   2   0   9   1          106.438          471.342          -677447         -1544.37
   2   1   9   0          173.274          368.951          -513582          2450.21
   2   1   9   1           3106.5         -9259.95       8.5473e+07     -1.95463e+11
