   0   1   0   0                0                4
   0   1   0   1                0                4
   0   1   2   0         -80027.2                4
   0   1   2   1         -77114.1                4
   0   1   3   0         -80999.5                4
   0   1   3   1         -77794.8                4
   0   1   4   0         -81236.4                4
   0   1   4   1         -77994.1                4
   0   1   5   0         -81289.2                4
   0   1   5   1           -78533                4
   0   1   6   0         -81268.3                4
   0   1   6   1           -78132                4
   0   1   7   0         -80640.2                4
   0   1   7   1         -82517.9                4
   0   0   2   0         -78535.6                5
   0   0   2   1         -76038.4                5
   0   0   4   0         -77078.1                5
   0   0   4   1         -75106.4                5
   0   0   5   0         -82161.5                5
   0   0   5   1         -74361.8                5
   0   0   6   0         -81596.4                5
   0   0   6   1           -78803                5
   1   0   0   0                0                0
   1   0   0   1                0                0
   1   0   1   0                0                0
   1   0   1   1                0                0
   1   0   2   0                0                0
   1   0   2   1                0                0
   1   0   3   0         -75182.3                3
   1   0   3   1         -72787.5                3
   1   0   4   0         -75852.2                3
   1   0   4   1         -73860.7                3
   1   0   5   0                0                0
   1   0   5   1                0                0
   1   0   6   0                0                0
   1   0   6   1                0                0
   1   1   0   0                0                0
   1   1   0   1                0                0
   1   1   1   0                0                0
   1   1   1   1                0                0
   1   1   2   0         -75532.3                3
   1   1   2   1         -72471.7                3
   1   1   3   0         -74892.7                3
   1   1   3   1         -71792.6                3
   1   1   4   0           -74845                3
   1   1   4   1         -72427.9                3
   1   1   5   0                0                0
   1   1   5   1                0                0
   1   1   6   0                0                0
   1   1   6   1                0                0
   2   0   0   0                0                0
   2   0   0   1                0                0
   2   0   1   0                0                0
   2   0   1   1                0                0
   2   0   2   0                0                0
   2   0   2   1                0                0
   2   0   3   0                0                0
   2   0   3   1                0                0
   2   0   4   0                0                0
   2   0   4   1                0                0
   2   0   5   0                0                0
   2   0   5   1                0                0
   2   0   6   0                0                0
   2   0   6   1                0                0
   2   0   7   0                0                0
   2   0   7   1                0                0
   2   0   8   0                0                0
   2   0   8   1                0                0
   2   0   9   0                0                0
   2   0   9   1                0                0
   2   1   0   0                0                0
   2   1   0   1                0                0
   2   1   1   0                0                0
   2   1   1   1                0                0
   2   1   2   0                0                0
   2   1   2   1                0                0
   2   1   3   0                0                0
   2   1   3   1                0                0
   2   1   4   0                0                0
   2   1   4   1                0                0
   2   1   5   0                0                0
   2   1   5   1                0                0
   2   1   6   0                0                0
   2   1   6   1                0                0
   2   1   7   0                0                0
   2   1   7   1                0                0
   2   1   8   0                0                0
   2   1   8   1                0                0
   2   1   9   0                0                0
   2   1   9   1                0                0