   1   1   1   0         -75982.1                3
   1   1   1   1           -46420                3
   1   1   2   0         -75843.4                3
   1   1   2   1         -45831.6                3
   1   1   3   0         -75459.8                3
   1   1   3   1         -46124.8                3
   1   1   4   0         -75292.8                3
   1   1   4   1         -46047.4                3
   1   1   5   0         -76462.2                3
   1   1   5   1           -46599                3
   1   1   6   0         -76272.8                3
   1   1   6   1         -45293.7                3
   1   0   0   0         -76905.8                3
   1   0   0   1         -48715.3                3
   1   0   1   0         -77051.1                3
   1   0   1   1         -45211.8                3
   1   0   2   0         -76576.1                3
   1   0   2   1         -47475.2                3
   1   0   3   0         -75544.3                3
   1   0   3   1         -44789.8                3
   1   0   4   0           -76300                3
   1   0   4   1           -46497                3
   1   0   5   0         -76112.6                3
   1   0   5   1         -44440.1                3
   1   0   6   0         -75326.3                3
   1   0   6   1         -44878.1                3
   1   0   6   1         -44878.1                3
   0   0   0   0                0                0
   0   0   0   1                0                0
   0   0   1   0                0                0
   0   0   1   1                0                0
   0   0   2   0         -78205.5                5
   0   0   2   1           -77007                5
   0   0   3   0         -77116.1                5
   0   0   3   1         -82170.5                5
   0   0   4   0         -77350.1                5
   0   0   4   1         -77107.4                5
   0   0   5   0           -82357                5
   0   0   5   1         -76563.3                5
   0   0   6   0         -81770.8                5
   0   0   6   1         -80768.2                5
   0   0   7   0         -82227.5                5
   0   0   7   1         -75960.2                5
   0   0   8   0                0                0
   0   0   8   1                0                0
   0   0   9   0                0                0
   0   0   9   1                0                0
   0   1   0   0                0                0
   0   1   0   1                0                0
   0   1   1   0         -75707.3                5
   0   1   1   1         -80586.8                5
   0   1   2   0         -81994.5                5
   0   1   2   1         -80678.1                5
   0   1   3   0         -82255.6                5
   0   1   3   1         -80600.9                5
   0   1   4   0         -81911.2                5
   0   1   4   1         -81256.3                5
   0   1   5   0         -81199.9                5
   0   1   5   1         -80582.9                5
   0   1   6   0         -81873.5                5
   0   1   6   1         -80560.7                5
   0   1   7   0         -74933.6                5
   0   1   7   1         -80997.6                5
   0   1   8   0         -76306.1                5
   0   1   8   1         -75763.9                5
   0   1   9   0                0                0
   0   1   9   1                0                0
   2   0   0   0                0                0
   2   0   0   1                0                0
   2   0   1   0         -75854.8                5
   2   0   1   1         -77043.1                5
   2   0   2   0         -75211.4                5
   2   0   2   1           -77054                5
   2   0   3   0           -75117                5
   2   0   3   1         -76547.7                5
   2   0   4   0         -75952.1                5
   2   0   4   1         -77448.8                5
   2   0   5   0           -74843                5
   2   0   5   1         -76275.3                5
   2   0   6   0         -75152.7                5
   2   0   6   1         -76284.8                5
   2   0   7   0         -74477.3                5
   2   0   7   1         -76379.2                5
   2   0   8   0         -74555.7                5
   2   0   8   1         -76612.5                5
   2   0   9   0         -72023.3                5
   2   0   9   1           -74312                5
   2   1   0   0                0                0
   2   1   0   1                0                0
   2   1   1   0                0                0
   2   1   1   1                0                0
   2   1   2   0                0                0
   2   1   2   1                0                0
   2   1   3   0         -75912.7                5
   2   1   3   1         -75319.9                5
   2   1   4   0         -76573.9                5
   2   1   4   1         -76174.8                5
   2   1   5   0         -75168.2                5
   2   1   5   1         -74927.6                5
   2   1   6   0         -75657.8                5
   2   1   6   1         -75672.8                5
   2   1   7   0         -76103.2                5
   2   1   7   1         -74915.5                5
   2   1   8   0                0                0
   2   1   8   1                0                0
   2   1   9   0                0                0
   2   1   9   1                0                0