   1   3   3         0
   1   0   1       130
   1   0   2       194
   1   0   3       131
   1   0   4      -176
   1   1   1      -176
   1   1   2      -115
   1   1   3      -134
   1   1   4      -333
   1   1   5       209
   1   2   1      -648
   1   2   2      -559
   1   2   3      -445
   1   2   4      -601
   1   2   5       109
   1   2   6       509
   1   3   1      -608
   1   3   2         0
   1   3   4      -624
   1   3   5       937
   1   3   6      1558
   1   4   1      -720
   1   4   2        28
   1   4   3       -83
   1   4   4      -482
   1   4   5       764
   1   4   6      1301
   1   5   1      -613
   1   5   2       137
   1   5   3         5
   1   5   4      -185
   1   5   5       711
   1   5   6      1176
   1   6   2        92
   1   6   3        25
   1   6   4       -50
   1   6   5       392
   1   6   6       644
