   0   1   0   0         -78427.8                4
   0   1   0   1         -76378.9                4
   0   1   1   0         -76257.1                4
   0   1   1   1         -80729.2                4
   0   1   2   0         -76923.2                4
   0   1   2   1         -75247.9                4
   0   1   3   0         -78243.6                4
   0   1   3   1         -76043.4                4
   0   1   4   0         -77517.2                4
   0   1   4   1         -76332.5                4
   0   1   5   0         -77818.6                4
   0   1   5   1         -76695.2                4
   0   1   6   0         -78150.8                4
   0   1   6   1           -76341                4
   0   1   7   0         -76987.9                4
   0   1   7   1         -82811.5                4
   0   1   8   0         -78178.6                4
   0   1   8   1         -77027.1                4
   0   1   9   0         -78848.4                4
   0   1   9   1         -77069.5                4
   0   0   2   0         -75210.6                5
   0   0   2   1         -74054.2                5
   0   0   3   0         -73636.1                5
   0   0   3   1         -78683.3                5
   0   0   4   0           -73811                5
   0   0   4   1         -73530.4                5
   0   0   5   0         -78597.2                5
   0   0   5   1         -72845.9                5
   0   0   6   0         -78109.9                5
   0   0   6   1         -77096.8                5
   0   0   7   0         -78739.1                5
   0   0   7   1           -72522                5
   0   0   8   0         -72506.3                5
   0   0   8   1         -78032.4                5
   1   0   0   0         -73398.1                3
   1   0   0   1         -45169.4                3
   1   0   1   0         -73821.8                3
   1   0   1   1           -41896                3
   1   0   2   0         -73630.8                3
   1   0   2   1         -44446.4                3
   1   0   3   0         -72125.9                3
   1   0   3   1           -41298                3
   1   0   4   0         -72963.1                3
   1   0   4   1         -43061.2                3
   1   0   5   0         -72681.6                3
   1   0   5   1         -40867.4                3
   1   0   6   0         -71842.3                3
   1   0   6   1           -41207                3
   1   1   0   0         -73955.7                3
   1   1   0   1         -41584.1                3
   1   1   1   0         -73134.5                3
   1   1   1   1         -43467.8                3
   1   1   2   0         -72317.6                3
   1   1   2   1           -42344                3
   1   1   3   0         -72040.4                3
   1   1   3   1         -42529.8                3
   1   1   4   0         -72421.3                3
   1   1   4   1         -43102.2                3
   1   1   5   0         -72112.9                3
   1   1   5   1         -42117.1                3
   1   1   6   0         -71392.5                3
   1   1   6   1         -40243.1                3
   2   0   0   0                0           -99999
   2   0   0   1                0           -99999
   2   0   1   0           -72546                5
   2   0   1   1         -73780.5                5
   2   0   2   0         -71860.2                5
   2   0   2   1           -73738                5
   2   0   3   0         -71828.8                5
   2   0   3   1         -73252.9                5
   2   0   4   0         -72656.6                5
   2   0   4   1         -74082.3                5
   2   0   5   0           -71518                5
   2   0   5   1         -72908.6                5
   2   0   6   0         -71800.4                5
   2   0   6   1         -72947.2                5
   2   0   7   0         -71145.3                5
   2   0   7   1         -73018.3                5
   2   0   8   0         -71173.5                5
   2   0   8   1         -73305.2                5
   2   0   9   0         -68773.3                5
   2   0   9   1           -70951                5
   2   1   0   0                0           -99999
   2   1   0   1                0           -99999
   2   1   1   0                0           -99999
   2   1   1   1                0           -99999
   2   1   2   0           -71556                5
   2   1   2   1         -71928.5                5
   2   1   3   0         -72559.6                5
   2   1   3   1         -71957.4                5
   2   1   4   0         -73161.7                5
   2   1   4   1         -72780.7                5
   2   1   5   0         -71746.1                5
   2   1   5   1         -71554.3                5
   2   1   6   0         -72173.6                5
   2   1   6   1         -72327.8                5
   2   1   7   0         -72643.7                5
   2   1   7   1         -71549.7                5
   2   1   8   1         -71782.6                5
   2   1   9   0                0           -99999
   2   1   9   1                0           -99999
