   1   1   0   0         -77140.2                3
   1   1   0   1         -44660.3                3
   1   1   1   0         -76125.7                3
   1   1   1   1         -46579.7                3
   1   1   2   0         -75961.6                3
   1   1   2   1         -46004.2                3
   1   1   3   0         -75624.3                3
   1   1   3   1         -46244.7                3
   1   1   4   0         -75430.5                3
   1   1   4   1         -46185.8                3
   1   1   5   0         -76605.5                3
   1   1   5   1         -46733.4                3
   1   1   6   0         -76455.2                3
   1   1   6   1         -45442.3                3
   1   0   0   0         -77070.2                3
   1   0   0   1         -48893.5                3
   1   0   1   0         -77140.9                3
   1   0   1   1         -45302.5                3
   1   0   2   0         -76707.6                3
   1   0   2   1         -47589.8                3
   1   0   3   0         -75685.3                3
   1   0   3   1         -44927.4                3
   1   0   4   0         -76475.9                3
   1   0   4   1         -46633.6                3
   1   0   5   0         -76325.7                3
   1   0   5   1         -44563.1                3
   1   0   6   0         -75557.5                3
   1   0   6   1         -45023.4                3
   0   0   0   0                0           -99999
   0   0   0   1                0           -99999
   0   0   1   0                0           -99999
   0   0   1   1                0           -99999
   0   0   2   0         -78404.7                5
   0   0   2   1         -77208.2                5
   0   0   3   0         -77272.3                5
   0   0   3   1         -82292.7                5
   0   0   4   0         -77545.2                5
   0   0   4   1         -77222.1                5
   0   0   5   0           -82516                5
   0   0   5   1         -76638.9                5
   0   0   6   0         -81911.8                5
   0   0   6   1         -80862.7                5
   0   0   7   0         -82406.8                5
   0   0   7   1         -76122.9                5
   0   0   8   0                0           -99999
   0   0   8   1                0           -99999
   0   0   9   0                0           -99999
   0   0   9   1                0           -99999
   0   1   0   0         -83610.1                5
   0   1   0   1           -81966                5
   0   1   1   0         -75879.4                5
   0   1   1   1         -80710.5                5
   0   1   2   0         -82095.6                5
   0   1   2   1         -80913.2                5
   0   1   3   0         -82369.8                5
   0   1   3   1         -80725.6                5
   0   1   4   0         -82027.6                5
   0   1   4   1         -81347.8                5
   0   1   5   0           -81278                5
   0   1   5   1         -80644.2                5
   0   1   6   0           -81962                5
   0   1   6   1         -80651.4                5
   0   1   7   0         -74912.1                5
   0   1   7   1         -81079.3                5
   0   1   8   0         -76526.5                5
   0   1   8   1         -75930.7                5
   0   1   9   0                0           -99999
   0   1   9   1                0           -99999
   2   0   0   0                0           -99999
   2   0   0   1                0           -99999
   2   0   1   0           -75987                5
   2   0   1   1         -77221.5                5
   2   0   2   0         -75301.2                5
   2   0   2   1           -77179                5
   2   0   3   0         -75269.8                5
   2   0   3   1         -76693.9                5
   2   0   4   0         -76097.6                5
   2   0   4   1         -77523.3                5
   2   0   5   0           -74959                5
   2   0   5   1         -76349.6                5
   2   0   6   0         -75241.4                5
   2   0   6   1         -76388.2                5
   2   0   7   0         -74586.3                5
   2   0   7   1         -76459.3                5
   2   0   8   0         -74614.5                5
   2   0   8   1         -76746.2                5
   2   0   9   0         -72214.3                5
   2   0   9   1           -74392                5
   2   1   0   0                0           -99999
   2   1   0   1                0           -99999
   2   1   1   0                0           -99999
   2   1   1   1                0           -99999
   2   1   2   0           -74997                5
   2   1   2   1         -75369.5                5
   2   1   3   0         -76000.6                5
   2   1   3   1         -75398.4                5
   2   1   4   0         -76602.7                5
   2   1   4   1         -76221.7                5
   2   1   5   0         -75187.1                5
   2   1   5   1         -74995.3                5
   2   1   6   0         -75614.6                5
   2   1   6   1         -75768.8                5
   2   1   7   0         -76084.7                5
   2   1   7   1         -74990.7                5
   2   1   8   1         -75223.6                5
   2   1   9   0                0           -99999
   2   1   9   1                0           -99999