   1   3   3         0
   1   0   0       470
   1   0   1       123
   1   0   2       211
   1   0   3       147
   1   0   4      -135
   1   0   5       234
   1   0   6       497
   1   1   0        60
   1   1   1      -225
   1   1   2      -143
   1   1   3      -175
   1   1   4      -349
   1   1   5       185
   1   1   6       424
   1   2   0      -502
   1   2   1      -649
   1   2   2      -586
   1   2   3      -470
   1   2   4      -618
   1   2   5       121
   1   2   6       553
   1   3   0      -463
   1   3   1      -599
   1   3   2         5
   1   3   4      -628
   1   3   5       934
   1   3   6      1552
   1   4   0      -802
   1   4   1      -701
   1   4   2        27
   1   4   3       -82
   1   4   4      -488
   1   4   5       763
   1   4   6      1305
   1   5   0     -1020
   1   5   1      -559
   1   5   2       153
   1   5   3         9
   1   5   4      -178
   1   5   5       731
   1   5   6      1194
   1   6   0     -1344
   1   6   1      -441
   1   6   2       196
   1   6   3        59
   1   6   4       -15
   1   6   5       429
   1   6   6       621
