   0   0   0   0                0                0                0                0
   0   0   0   1                0                0                0                0
   0   1   0   0          969.524          697.053     -2.13704e+06          -1059.4
   0   1   0   1          519.024          640.699     -1.42881e+06          -1909.3
   0   0   1   0         -90.7256          502.644          -339513         -938.039
   0   0   1   1          30.6584          606.476          -544125         -47.1034
   0   1   1   0          2320.15         -1997.13      1.99961e+07     -4.61743e+10
   0   1   1   1          5069.09          -2130.9      4.20214e+07     -1.92968e+11
   0   0   2   0          126.903           578.05          -757144         -23575.4
   0   0   2   1          3.75723          468.352          -697356          -355.66
   0   1   2   0          674.971           451.71     -1.85765e+06          -240881
   0   1   2   1          2386.71         -704.252      1.04053e+07     -3.28394e+10
   0   0   3   0          6768.51          -9931.5      1.90073e+08     -8.86708e+11
   0   0   3   1          8162.82         -7288.07      1.73526e+08     -9.98711e+11
   0   1   3   0          711.015          116.892           671533     -2.19788e+09
   0   1   3   1          1821.73         -2864.06      2.39065e+07     -4.42671e+10
   0   0   4   0          100.243          474.781          -719011          25.1672
   0   0   4   1          217.704          574.096          -943701          42.0516
   0   1   4   0          105.998          397.782          -804113     -2.28404e+07
   0   1   4   1          4623.99          1865.05     -1.16401e+07     -2.31025e+09
   0   0   5   0          7113.48         -7786.45      1.63541e+08     -8.21109e+11
   0   0   5   1          8386.88         -465.282      4.25065e+07       -3.749e+11
   0   1   5   0          268.871          444.636          -920770     -1.95283e+08
   0   1   5   1           3709.6             1348      -6.9668e+06     -3.09839e+09
   0   0   6   0          6862.52          2672.85     -1.84258e+07     -2.36883e+10
   0   0   6   1           256.03           675.68          -986183          300.865
   0   1   6   0          262.526          529.739     -1.22118e+06         -8886.77
   0   1   6   1          1695.07         -52.6654      3.82506e+06     -1.33826e+10
   0   0   7   0          285.702          731.554     -1.05289e+06          3528.32
   0   0   7   1           212.29           645.17          -923143          327.451
   0   1   7   0          802.673         -2629.67      1.20725e+07      -1.0759e+10
   0   1   7   1          1343.05          689.526     -2.71382e+06         -12926.2
   0   0   8   0          1386.82         -1056.73       1.0388e+07     -1.66002e+10
   0   0   8   1          1777.52          1363.62      -4.3621e+06        1.586e+09
   0   1   8   0          385.538          657.917     -1.73514e+06         -14200.2
   0   1   8   1          1258.58          807.309     -2.87143e+06           532588
   0   0   9   0                0                0                0                0
   0   0   9   1                0                0                0                0
   0   1   9   0          264.837           497.25     -1.27019e+06          -6725.7
   0   1   9   1          72.4601          354.816          -752400         -14080.7
   1   0   0   0          62638.1          1426.41      6.18312e+08     -4.58557e+13
   1   0   0   1          464.977          337.913          -167537     -9.61467e+08
   1   1   0   0           2932.9         -4144.89      4.34255e+07     -1.08661e+11
   1   1   0   1          150.509          579.162          -654661          2719.02
   1   0   1   0          2389.32         -96.8183      5.53474e+06     -2.16069e+10
   1   0   1   1          1438.93          675.558     -1.32724e+06     -1.88752e+09
   1   1   1   0            17297         -30341.6      1.32501e+09     -1.41468e+13
   1   1   1   1          2801.41         -2633.87      2.79889e+07     -6.78052e+10
   1   0   2   0          5517.09         -4741.86      8.58922e+07     -3.67517e+11
   1   0   2   1          525.694          726.018     -1.15614e+06     -1.80548e+08
   1   1   2   0          323.495          604.207          -399242     -5.74757e+08
   1   1   2   1          23830.2          8838.09     -2.19084e+08      1.22512e+10
   1   0   3   0          2771.88         -104.785      6.99576e+06     -2.93391e+10
   1   0   3   1          965.026          529.809          -787646     -1.17961e+09
   1   1   3   0          7396.37         -6885.75      1.56942e+08     -8.44455e+11
   1   1   3   1           6817.1         -2369.54      6.98801e+07     -4.01406e+11
   1   0   4   0          322.985          689.099     -1.33919e+06          29084.9
   1   0   4   1          202.051          525.685          -866222          624.224
   1   1   4   0          356.612          795.726          -734603     -5.28291e+08
   1   1   4   1          1680.89          597.212           185240     -4.40983e+09
   1   0   5   0          196.004          482.324     -1.15659e+06          178.727
   1   0   5   1          1737.94          295.181      1.60385e+06     -8.63996e+09
   1   1   5   0          2971.75          183.023      7.97856e+06      -3.6128e+10
   1   1   5   1          544.806          978.342     -1.46493e+06         -103.905
   1   0   6   0          1740.36          187.518      1.71713e+06     -8.52607e+09
   1   0   6   1          363.651          645.593      -1.2072e+06          398.815
   1   1   6   0          497.687          996.039     -1.64135e+06          -148932
   1   1   6   1        0.0162124          427.557          -400907     -9.88406e+06
   2   0   0   0         -28.4888          370.881          -399975           791.21
   2   0   0   1          134.384          316.492          -601196         -816.652
   2   1   0   0          1008.22          1424.31     -3.84525e+06      2.18144e+09
   2   1   0   1          249.107           881.43          -957222         -53221.6
   2   0   1   0          589.924          385.119          -453695     -8.28686e+08
   2   0   1   1          380.088          300.468          -499948      -4.5479e+08
   2   1   1   0          851.606          925.841     -2.27793e+06         -3516.75
   2   1   1   1          11.3659          595.012          -523253          1598.44
   2   0   2   0          2366.26         -1570.45      1.70926e+07     -4.18537e+10
   2   0   2   1          964.853          335.767          -176967     -2.38375e+09
   2   1   2   0          79.9435          772.691          -779380         -104.711
   2   1   2   1          202.394           573.92          -848602          1117.96
   2   0   3   0          352.403          342.653          -227816     -5.41915e+08
   2   0   3   1          790.686          372.973          -417005     -1.46305e+09
   2   1   3   0          323.392          602.332     -1.29695e+06         -482.065
   2   1   3   1          299.389          723.697     -1.03384e+06          3.87204
   2   0   4   0          592.127          349.155          -468212     -8.00026e+08
   2   0   4   1          1378.79           183.79      1.60015e+06     -6.93027e+09
   2   1   4   0          368.251          734.646     -1.49937e+06          1997.08
   2   1   4   1          83.7925            528.8          -699679         -20626.6
   2   0   5   0          818.941          320.949           319327     -1.90355e+09
   2   0   5   1          140.066          555.909          -964351          235.547
   2   1   5   0          55.4369          520.074          -985781      1.12365e+08
   2   1   5   1         -38.8891          472.903          -695085      5.12375e+07
   2   0   6   0          393.116          636.285     -1.22945e+06         -1015.15
   2   0   6   1          708.553          241.648           321751     -2.11372e+09
   2   1   6   0          344.775          709.641     -1.33809e+06         -6102.21
   2   1   6   1          86.6614          513.694          -766705         -3972.71
   2   0   7   0          355.084          422.631          -647637     -3.42811e+08
   2   0   7   1            567.8          404.861          -582394     -1.13362e+09
   2   1   7   0          5.21201          628.051     -1.17997e+06      1.55752e+08
   2   1   7   1         -111.115          428.979          -585911      4.78756e+07
   2   0   8   0          93.8114          443.934          -699337         -1834.95
   2   0   8   1          1219.77         -287.702      3.98596e+06     -9.61578e+09
   2   1   8   0          201.868          889.916     -1.44885e+06         -206.585
   2   1   8   1          672.771         -22.1951      1.96868e+06     -3.84449e+09
   2   0   9   0          402.743          708.373     -1.19873e+06         -1346.48
   2   0   9   1          222.173          308.785          -299070     -2.71918e+08
   2   1   9   0          627.951           921.26     -1.64955e+06         -18408.4
   2   1   9   1          8019.51          3937.14     -3.94781e+07      3.54351e+10
