0   0   0   0  25         0
0   0   0   1  25         0
0   0   1   0  25  -0.43125
0   0   1   1  25   1.43125
0   0   2   0  25 0.0253125
0   0   2   1  25  0.852813
0   0   3   0  25         0
0   0   3   1  25         0
0   0   4   0  25   2.64178
0   0   4   1  25   2.95353
0   0   5   0  25   -1.2841
0   0   5   1  25    3.4409
0   0   6   0  25  -0.89929
0   0   6   1  25  0.296881
0   0   7   0  25   1.57917
0   0   7   1  25   1.57917
0   0   8   0  25   2.87656
0   0   8   1  25   2.76094
0   0   9   0  25         0
0   0   9   1  25         0
0   1   0   0  25         0
0   1   0   1  25         0
0   1   1   0  25         0
0   1   1   1  25         0
0   1   2   0  25  -1.97427
0   1   2   1  25  -1.34657
0   1   3   0  25  -2.75872
0   1   3   1  25  -1.83846
0   1   4   0  25  -2.39665
0   1   4   1  25   -1.5016
0   1   5   0  25   -1.7306
0   1   5   1  25   -1.2835
0   1   6   0  25  -2.39597
0   1   6   1  25  -1.55672
0   1   7   0  25    2.7749
0   1   7   1  25  -1.38382
0   1   8   0  25   3.23781
0   1   8   1  25   3.67781
0   1   9   0  25         0
0   1   9   1  25         0
1   0   0   0  25   -2.5025
1   0   0   1  25   -0.8895
1   0   1   0  25   -2.4053
1   0   1   1  25  -1.63561
1   0   2   0  25  -2.53046
1   0   2   1  25  -2.08787
1   0   3   0  25 -0.971944
1   0   3   1  25 -0.304845
1   0   4   0  25  -1.62221
1   0   4   1  25  -1.35053
1   0   5   0  25  -2.22742
1   0   5   1  25 -0.520565
1   0   6   0  25 -0.863793
1   0   6   1  25  0.156897
1   1   0   0  25         0
1   1   0   1  25         0
1   1   1   0  25 -0.878241
1   1   1   1  25   0.28287
1   1   2   0  25 -0.658056
1   1   2   1  25  0.586704
1   1   3   0  25-0.0301109
1   1   3   1  25   1.27749
1   1   4   0  25  0.115993
1   1   4   1  25  0.571066
1   1   5   0  25 -0.258854
1   1   5   1  25  0.650521
1   1   6   0  25         0
1   1   6   1  25         0
