   0   4   5         0
   0   2   0     -3872
   0   2   1      3320
   0   2   2     -1062
   0   2   3       101
   0   2   4      -614
   0   2   5       580
   0   2   6       330
   0   2   7      5132
   0   2   8      5634
   0   2   9      4890
   0   3   0     -1525
   0   3   1      3573
   0   3   2     -1683
   0   3   3      -476
   0   3   4     -1033
   0   3   5       118
   0   3   6      -149
   0   3   7      5408
   0   3   8      5338
   0   3   9      4620
   0   4   0     -1694
   0   4   1      3876
   0   4   2     -1815
   0   4   3      -721
   0   4   4     -1105
   0   4   6      -345
   0   4   7      5650
   0   4   8      5064
   0   4   9      4417
   0   5   0     -1806
   0   5   1      4094
   0   5   2     -1973
   0   5   3     -1135
   0   5   4     -1119
   0   5   5      -126
   0   5   6      -608
   0   5   7      5917
   0   5   8      5098
   0   5   9      4346
   0   6   0     -1841
   0   6   1      3557
   0   6   2     -1882
   0   6   3     -1274
   0   6   4      -934
   0   6   5       -61
   0   6   6      -673
   0   6   7      2909
   0   6   8      3289
   0   6   9      3657
   0   7   0     -4743
   0   7   1      4797
   0   7   2     -1735
   0   7   3     -1284
   0   7   4      -689
   0   7   5        96
   0   7   6      -571
   0   7   7      4948
   0   7   8      4699
   0   7   9      4114
   0   8   1      4853
   0   8   2     -1436
   0   8   3     -1104
   0   8   4      -422
   0   8   5       273
   0   8   6      -436
   0   8   7      6830
   0   8   8      5500
   0   8   9      1422
