   0   0   0   0                0                0                0                0
   0   0   0   1                0                0                0                0
   0   1   0   0                0                0                0                0
   0   1   0   1                0                0                0                0
   0   0   1   0                0                0                0                0
   0   0   1   1                0                0                0                0
   0   1   1   0          355.666            158.8           384656     -9.12004e+08
   0   1   1   1          1398.71          922.038      -3.1213e+06     -5.71251e+06
   0   0   2   0                0                0                0                0
   0   0   2   1                0                0                0                0
   0   1   2   0          691.169          490.206     -1.92984e+06      1.19709e+06
   0   1   2   1          137.556          414.336          -920881         -6674.16
   0   0   3   0          43.6337          549.093          -691107          483.884
   0   0   3   1          448.957           656.02     -1.28184e+06         -68.7828
   0   1   3   0          5018.46          1871.34      -1.1029e+07     -7.68893e+09
   0   1   3   1           28.181          971.848          -926347         -191.307
   0   0   4   0          131.097          533.665          -782850          746.172
   0   0   4   1          287.694          661.098     -1.07331e+06         -133.919
   0   1   4   0          639.893          605.589     -1.28619e+06      -4.9917e+08
   0   1   4   1           424.78          707.181     -1.48255e+06     -3.74088e+06
   0   0   5   0          3771.26          872.439      3.81773e+06     -3.92276e+10
   0   0   5   1          346.424          709.746      -1.2133e+06     -2.59237e+07
   0   1   5   0          11835.8          3110.65     -4.03654e+07     -2.88168e+10
   0   1   5   1          217.551          554.877     -1.10331e+06         -255.423
   0   0   6   0          717.564          1112.28     -1.93449e+06         -17541.2
   0   0   6   1           635.47          391.172           155690     -1.47623e+09
   0   1   6   0          362.254          667.116     -1.48751e+06          516.669
   0   1   6   1          340.485          648.006     -1.39947e+06          2438.25
   0   0   7   0                0                0                0                0
   0   0   7   1                0                0                0                0
   0   1   7   0          640.189         -1229.11      7.16312e+06     -5.86406e+09
   0   1   7   1          1233.52           871.38     -3.14436e+06          -112709
   0   0   8   0                0                0                0                0
   0   0   8   1                0                0                0                0
   0   1   8   0          15.7539        -0.368226          72868.6     -1.51454e+08
   0   1   8   1          545.865          466.611     -1.31779e+06         -39312.8
   0   0   9   0                0                0                0                0
   0   0   9   1                0                0                0                0
   0   1   9   0                0                0                0                0
   0   1   9   1                0                0                0                0
   1   0   0   0                0                0                0                0
   1   0   0   1                0                0                0                0
   1   1   0   0                0                0                0                0
   1   1   0   1                0                0                0                0
   1   0   1   0          4768.78          2032.91     -1.64143e+07        2.113e+10
   1   0   1   1          530.964          597.004     -1.15777e+06          11113.6
   1   1   1   0          88.7052          662.832          -864132         -8317.43
   1   1   1   1          305.275          718.362          -602924     -2.39665e+08
   1   0   2   0          27718.3          11903.5     -3.50473e+08      1.42675e+11
   1   0   2   1          2215.47         -1630.62      1.64125e+07     -3.65931e+10
   1   1   2   0          1166.77         -424.943        5.913e+06      -1.0609e+10
   1   1   2   1          2292.89           532.17           178261     -5.82571e+09
   1   0   3   0          2466.94         -1003.21       1.4025e+07     -4.00251e+10
   1   0   3   1          450.714           601.86     -1.04619e+06          55654.9
   1   1   3   0          437.516          448.564         -80178.1     -1.05882e+09
   1   1   3   1          220.565           705.73          -825516          522.931
   1   0   4   0          3286.14         -470.615      1.30197e+07     -5.17815e+10
   1   0   4   1          720.334          818.047      -1.6425e+06          3400.11
   1   1   4   0          15182.2         -46993.8      1.71526e+09     -1.54407e+13
   1   1   4   1          5728.31         -3920.79      7.70981e+07     -3.36329e+11
   1   0   5   0          30988.1         -11441.9      1.01488e+09     -2.10309e+13
   1   0   5   1          236.485          566.029          -972052          1098.04
   1   1   5   0          22531.2          5399.33     -1.30401e+08      6.70878e+10
   1   1   5   1          14263.5           -52357      1.72484e+09     -1.41094e+13
   1   0   6   0          7064.72         -11254.1      2.26676e+08     -1.11605e+12
   1   0   6   1         -70.5004          401.817          -498722          432.385
   1   1   6   0          4069.43         -292.357      1.53119e+07     -7.03766e+10
   1   1   6   1          115.922          635.895          -661882         -37391.1
   2   0   0   0                0                0                0                0
   2   0   0   1                0                0                0                0
   2   1   0   0                0                0                0                0
   2   1   0   1                0                0                0                0
   2   0   1   0                0                0                0                0
   2   0   1   1                0                0                0                0
   2   1   1   0                0                0                0                0
   2   1   1   1                0                0                0                0
   2   0   2   0          870.008          102.462      1.50394e+06     -3.58115e+09
   2   0   2   1          491.848          666.478     -1.33047e+06     -4.42888e+08
   2   1   2   0          192.365          996.211          -992973     -2.43509e+07
   2   1   2   1         -18.9921          528.323          -580808          349.878
   2   0   3   0         -9.33389          496.688          -574292      2.60227e+07
   2   0   3   1           2012.1         -124.027      5.45704e+06     -1.81008e+10
   2   1   3   0          344.405          675.911     -1.31537e+06         -6158.84
   2   1   3   1          38.5742          549.082          -582160          415.141
   2   0   4   0          226.323          535.902          -940771          552.866
   2   0   4   1          399.234          622.108     -1.25981e+06          3720.94
   2   1   4   0          243.085          687.856     -1.21905e+06          96.2273
   2   1   4   1          856.884          38.1063      1.85302e+06     -3.76039e+09
   2   0   5   0           3819.2          -1862.6      3.03532e+07     -1.04171e+11
   2   0   5   1          418.736          695.238     -1.32065e+06         -1051.71
   2   1   5   0          984.484          966.877     -2.52385e+06         -14292.9
   2   1   5   1          85.6545          547.016          -777574         -4503.94
   2   0   6   0         -102.908          490.591          -678588      6.40807e+07
   2   0   6   1          1627.77         -46.2906      4.22603e+06     -1.26897e+10
   2   1   6   0          1708.08         -579.419      8.13083e+06     -1.96021e+10
   2   1   6   1          391.052          325.801          7824.56     -8.78608e+08
   2   0   7   0          224.996          511.608          -885053         -47473.2
   2   0   7   1          1273.49          99.3413      2.23554e+06     -7.79511e+09
   2   1   7   0         -127.473          440.071          -695888      6.94919e+07
   2   1   7   1           2125.2          -745.44      1.08138e+07     -2.83605e+10
   2   0   8   0          509.885          291.514           275998        -1.47e+09
   2   0   8   1          608.559          182.768           769682     -2.90584e+09
   2   1   8   0          1488.32         -17528.5      1.10525e+08     -1.39079e+11
   2   1   8   1         -110.728          4180.07          -575183         -2375.52
   2   0   9   0                0                0                0                0
   2   0   9   1                0                0                0                0
   2   1   9   0                0                0                0                0
   2   1   9   1                0                0                0                0
