# station	xd	s_xd_xd	s_xd_yd	s_xd_zd	yd	s_yd_xd	s_yd_yd	s_yd_zd	zd	s_zd_xd	s_zd_yd	s_zd_zd 
1	0	0.1	0	0	0	0	0.1	0	0	0	0	0.1
2	0	0.1	0	0	0	0	0.1	0	0	0	0	0.1
3	-0.161927	0.0256872	0	2.9205e-09	0	0	0.1	0	0.00293509	2.9205e-09	0	0.0999827
4	-1.69937	0.0256872	0	2.9205e-09	0	0	0.1	0	0.00196776	2.9205e-09	0	0.0999827
5	1.22917	0.0256872	0	2.9205e-09	0	0	0.1	0	0.000695277	2.9205e-09	0	0.0999827
6	0	0.1	0	0	0	0	0.1	0	0	0	0	0.1
7	0	100	0	0	0	0	100	0	0	0	0	100
8	0	100	0	0	0	0	100	0	0	0	0	100
9	0	100	0	0	0	0	100	0	0	0	0	100
10	0	0.1	0	0	0	0	0.1	0	0	0	0	0.1
