   0   4   5         0
   0   1   3       497
   0   1   4      -233
   0   1   5      1030
   0   1   6       682
   0   1   7      4646
   0   1   8      5912
   0   2   1      3291
   0   2   2      -931
   0   2   3       101
   0   2   4      -632
   0   2   5       597
   0   2   6       326
   0   2   7      5059
   0   2   8      5690
   0   3   0     -1531
   0   3   1      3514
   0   3   2     -1468
   0   3   3      -480
   0   3   4     -1075
   0   3   5       116
   0   3   6      -160
   0   3   7      5317
   0   3   8      5372
   0   3   9      4579
   0   4   0     -1733
   0   4   1      3821
   0   4   2     -1736
   0   4   3      -733
   0   4   4     -1144
   0   4   6      -368
   0   4   7      5551
   0   4   8      5090
   0   4   9      4389
   0   5   0     -1839
   0   5   1      4056
   0   5   2     -1941
   0   5   3     -1140
   0   5   4     -1156
   0   5   5      -143
   0   5   6      -643
   0   5   7      5881
   0   5   8      5120
   0   5   9      4310
   0   6   0     -1889
   0   6   1      3629
   0   6   2     -1880
   0   6   3     -1295
   0   6   4      -977
   0   6   5       -85
   0   6   6      -725
   0   6   7      2965
   0   6   8      3373
   0   6   9      3776
   0   7   1      4765
   0   7   2     -1801
   0   7   3     -1312
   0   7   4      -728
   0   7   5        73
   0   7   6      -626
   0   7   7      4931
   0   7   8      4648
   0   8   3     -1029
   0   8   4      -372
   0   8   5       301
   0   8   6      -392
   0   8   8      5694
   0   9   3     -1673
   0   9   4     -1986
   0   9   5     -2153
