   0   1   0   0         -78365.8                4
   0   1   0   1         -76289.2                4
   0   1   1   0           -76214                4
   0   1   1   1         -80693.9                4
   0   1   2   0           -77042                4
   0   1   2   1         -75202.6                4
   0   1   3   0         -78251.2                4
   0   1   3   1         -76109.2                4
   0   1   4   0         -77495.2                4
   0   1   4   1         -76337.8                4
   0   1   5   0         -77881.8                4
   0   1   5   1         -76773.6                4
   0   1   6   0         -78181.2                4
   0   1   6   1           -76383                4
   0   1   7   0         -77240.9                4
   0   1   7   1         -82784.7                4
   0   1   8   0         -78216.1                4
   0   1   8   1         -77107.9                4
   0   1   9   0         -78825.3                4
   0   1   9   1         -77018.1                4
   0   0   1   0         -76100.3                5
   0   0   1   1         -74976.6                5
   0   0   2   0         -75247.9                5
   0   0   2   1           -74073                5
   0   0   3   0         -73652.3                5
   0   0   3   1         -78712.1                5
   0   0   4   0         -73775.4                5
   0   0   4   1         -73545.6                5
   0   0   5   0           -78642                5
   0   0   5   1         -72853.3                5
   0   0   6   0           -78118                5
   0   0   6   1         -77111.7                5
   0   0   7   0         -78710.4                5
   0   0   7   1         -72511.1                5
   0   0   8   0         -72605.4                5
   0   0   8   1         -78717.5                5
   0   0   9   0           -77885                5
   0   0   9   1         -76163.4                5
   1   0   0   0         -73264.6                3
   1   0   0   1         -45153.5                3
   1   0   1   0         -73840.9                3
   1   0   1   1         -41937.7                3
   1   0   2   0         -73557.6                3
   1   0   2   1         -44428.2                3
   1   0   3   0         -72102.2                3
   1   0   3   1         -41297.5                3
   1   0   4   0         -72928.9                3
   1   0   4   1         -43074.2                3
   1   0   5   0         -72577.5                3
   1   0   5   1         -40880.1                3
   1   0   6   0         -71686.3                3
   1   0   6   1         -41289.3                3
   1   1   0   0                0                0
   1   1   0   1                0                0
   1   1   1   0         -73104.4                3
   1   1   1   1           -43475                3
   1   1   2   0         -72358.7                3
   1   1   2   1         -42300.5                3
   1   1   3   0         -72006.4                3
   1   1   3   1         -42578.2                3
   1   1   4   0         -72460.5                3
   1   1   4   1         -43124.4                3
   1   1   5   0         -72056.7                3
   1   1   5   1         -42153.3                3
   1   1   6   0         -71317.3                3
   2   0   0   0                0                0
   2   0   0   1                0                0
   2   0   1   0         -72413.8                5
   2   0   1   1         -73602.1                5
   2   0   2   0         -71770.4                5
   2   0   2   1           -73613                5
   2   0   3   0           -71676                5
   2   0   3   1         -73106.7                5
   2   0   4   0         -72511.1                5
   2   0   4   1         -74007.8                5
   2   0   5   0           -71402                5
   2   0   5   1         -72834.3                5
   2   0   6   0         -71711.7                5
   2   0   6   1         -72843.8                5
   2   0   7   0         -71036.3                5
   2   0   7   1         -72938.2                5
   2   0   8   0         -71114.7                5
   2   0   8   1         -73171.5                5
   2   0   9   0         -68582.3                5
   2   0   9   1           -70871                5
   2   1   0   0                0                0
   2   1   0   1                0                0
   2   1   1   0                0                0
   2   1   1   1                0                0
   2   1   2   0                0                0
   2   1   2   1                0                0
   2   1   3   0         -72471.7                5
   2   1   3   1         -71878.9                5
   2   1   4   0         -73132.9                5
   2   1   4   1         -72733.8                5
   2   1   5   0         -71727.2                5
   2   1   5   1         -71486.6                5
   2   1   6   0         -72216.8                5
   2   1   6   1         -72231.8                5
   2   1   7   0         -72662.2                5
   2   1   7   1         -71474.5                5
   2   1   8   0                0                0
   2   1   8   1                0                0
   2   1   9   0                0                0
   2   1   9   1                0                0
