   1   1   1   0         -76078.8                3
   1   1   1   1         -46503.7                3
   1   1   2   0         -75894.8                3
   1   1   2   1         -45974.3                3
   1   1   3   0         -75573.2                3
   1   1   3   1         -46217.1                3
   1   1   4   0         -75350.8                3
   1   1   4   1           -46133                3
   1   1   5   0         -76572.8                3
   1   1   5   1         -46668.3                3
   1   1   6   0         -76362.1                3
   1   1   6   1         -45412.2                3
   1   0   0   0           -77037                3
   1   0   0   1           -48810                3
   1   0   1   0         -77091.3                3
   1   0   1   1         -45270.7                3
   1   0   2   0         -76667.3                3
   1   0   2   1         -47576.4                3
   1   0   3   0         -75643.9                3
   1   0   3   1         -44859.1                3
   1   0   4   0         -76437.3                3
   1   0   4   1         -46571.6                3
   1   0   5   0         -76255.6                3
   1   0   5   1         -44528.2                3
   1   0   6   0         -75436.2                3
   1   0   6   1         -44920.3                3
   0   0   0   0                0                0
   0   0   0   1                0                0
   0   0   1   0                0                0
   0   0   1   1                0                0
   0   0   3   0         -77131.2                5
   0   0   3   1         -82206.1                5
   0   0   4   0         -77468.6                5
   0   0   4   1         -77202.7                5
   0   0   5   0         -82402.9                5
   0   0   5   1         -76635.3                5
   0   0   6   0         -81807.8                5
   0   0   6   1           -80864                5
   0   0   8   0                0                0
   0   0   8   1                0                0
   0   0   9   0                0                0
   0   0   9   1                0                0
   0   1   0   0                0                0
   0   1   0   1                0                0
   0   1   1   0         -75696.8                5
   0   1   1   1         -80624.8                5
   0   1   2   0         -82129.6                5
   0   1   2   1         -80905.3                5
   0   1   3   0         -82330.5                5
   0   1   3   1         -80663.6                5
   0   1   4   0         -81989.8                5
   0   1   4   1         -81265.6                5
   0   1   5   0         -81243.5                5
   0   1   5   1         -80579.3                5
   0   1   6   0         -81964.5                5
   0   1   6   1         -80573.5                5
   0   1   9   0                0                0
   0   1   9   1                0                0
   2   0   0   0                0                0
   2   0   0   1                0                0
   2   0   1   0                0                0
   2   0   1   1                0                0
   2   0   3   0                0                0
   2   0   3   1                0                0
   2   0   4   0                0                0
   2   0   4   1                0                0
   2   0   5   0                0                0
   2   0   5   1                0                0
   2   0   6   0                0                0
   2   0   6   1                0                0
   2   0   8   0                0                0
   2   0   8   1                0                0
   2   0   9   0                0                0
   2   0   9   1                0                0
   2   1   0   0                0                0
   2   1   0   1                0                0
   2   1   1   0                0                0
   2   1   1   1                0                0
   2   1   2   0                0                0
   2   1   2   1                0                0
   2   1   3   0                0                0
   2   1   3   1                0                0
   2   1   4   0                0                0
   2   1   4   1                0                0
   2   1   5   0                0                0
   2   1   5   1                0                0
   2   1   6   0                0                0
   2   1   6   1                0                0
   2   1   9   0                0                0
   2   1   9   1                0                0
