   1   3   3         0
   1   0   1       264
   1   0   2       462
   1   0   3       430
   1   0   4      -263
   1   0   5       686
   1   0   6       944
   1   1   0       112
   1   1   1      -107
   1   1   2       123
   1   1   3       205
   1   1   4      -373
   1   1   5       715
   1   1   6      1209
   1   2   0      -264
   1   2   1      -396
   1   2   2      -143
   1   2   3       -43
   1   2   4      -387
   1   2   5       510
   1   2   6      1083
   1   3   0      -529
   1   3   1      -487
   1   3   2       -56
   1   3   4      -249
   1   3   5       593
   1   3   6      1738
   1   4   0      -791
   1   4   1      -522
   1   4   2       -37
   1   4   3        11
   1   4   4        32
   1   4   5       651
   1   4   6      1718
   1   5   0      -932
   1   5   1      -243
   1   5   2       207
   1   5   3       234
   1   5   4       377
   1   5   5       716
   1   5   6      1118
   1   6   1       -55
   1   6   2       161
   1   6   3       211
   1   6   4       346
   1   6   5       605
   1   6   6       818
