   1   3   3         0
   1   0   1       239
   1   0   2       290
   1   0   3       199
   1   0   4       -76
   1   0   6       609
   1   1   1      -200
   1   1   2      -144
   1   1   3      -167
   1   1   4      -376
   1   1   5       186
   1   1   6       462
   1   2   1      -645
   1   2   2      -562
   1   2   3      -453
   1   2   4      -609
   1   2   5       125
   1   2   6       553
   1   3   1      -603
   1   3   2        -1
   1   3   4      -634
   1   3   5       944
   1   3   6      1551
   1   4   1      -711
   1   4   2        18
   1   4   3       -84
   1   4   4      -483
   1   4   5       772
   1   4   6      1302
   1   5   1      -670
   1   5   2       137
   1   5   3         9
   1   5   4      -190
   1   5   5       719
   1   5   6      1210
   1   6   2       177
   1   6   3        43
   1   6   4       -38
   1   6   5       439
   1   6   6       655
