 NumberOfPoints 		40
 Units 	 mm 	
 Z 	 RInner 	 ROuter 
0	0
0.149999999999977	0
0.249999999999972	5.29055762656435
0.549999999999983	10.5754432531219
1.14999999999998	16.70329308849
1.536	19.6509288330095
3.072	28.4538559074163
4.608	35.0480560944542
6.14400000000001	40.5264353724826
7.68000000000001	45.2956852249749
9.21600000000001	49.5609487802646
10.752	53.4430313137271
12.288	57.0202504028175
13.824	60.3468451868033
15.36	63.4622399541649
16.896	66.396170702835
18.432	69.1717317695604
19.968	71.807289852772
21.504	74.3177413811804
23.04	76.7153693858018
24.576	79.0104456638489
26.112	81.2116651473174
27.648	83.3264663597348
29.184	85.3612725069162
30.72	87.32961962777
32.256	89.3559051514495
33.792	91.492587546534
35.328	93.7522463381871
36.864	96.1503604468889
38.4	98.7063456556273
39.936	101.445127124047
41.472	104.39962947519
43.008	107.614939990605
44.544	111.155769540381
46.08	115.121115614172
47.616	119.677066105009
49.152	125.146318743494
50.6880000000001	132.358797319911
50.971	134.055488875478
52.2240000000001	150
		   
		   
		   
		   
		   
		   
