/*MAPMT*/
0  1  1140
0  2  1130
0  3  1110
0  4  1090
0  5  1070
0  6  1050
0  7  1035
0  8  1035
0  9  1000
0  10  985
0  11  965
0  12  965
0  13  945
0  14  925
0  15  905
0  16  890
0  17  870
0  18  860
0  19  840
0  20  820
0  21  805
0  22  780
0  23  765
0  24  755
0  25  735
0  26  710
0  27  700
0  28  690
0  29  670
0  30  650
0  31  630
0  32  610
0  33  595
0  34  575
0  35  555
0  36  540
0  37  515
0  38  495
0  39  470
0  40  460
0  41  440
0  42  435
0  43  415
0  44  385
0  45  370
0  46  360
0  47  345
0  48  320
0  49  300
0  50  280
0  51  260
0  52  245
0  53  240
0  54  240
0  55  770
0  56  780
0  57  790
0  58  790
0  59  800
/*SAMPMT*/
1  1  830
1  2  820
1  3  820
1  4  810
1  5  800
1  6  240
1  7  250
1  8  260
1  9  280
1  10  300
1  11  330
1  12  345
1  13  375
1  14  390
1  15  390
1  16  405
1  17  445
1  18  465
1  19  470
1  20  490
1  21  500
1  22  525
1  23  545
1  24  570
1  25  585
1  26  605
1  27  625
1  28  640
1  29  660
1  30  680
1  31  700
1  32  720
1  33  730
1  34  740
1  35  765
1  36  785
1  37  795
1  38  810
1  39  835
1  40  850
1  41  870
1  42  890
1  43  900
1  44  920
1  45  945
1  46  955
1  47  975
1  48  995
1  49  995
1  50  1015
1  51  1030
1  52  1065
1  53  1065
1  54  1080
1  55  1100
1  56  1120
1  57  1140
1  58  1160
1  59  1170
