2
574264  1  1  5  1  123
574264  1  2  5  1  124
574264  1  3  5  1  122
574264  1  4  5  1  121
574264  1  5  5  1  114
574264  1  6  5  1  115
574264  1  7  5  1  113
574264  1  8  5  1  108
574264  1  9  5  1  116
574264  1  10  5  1  105
574264  1  11  5  1  107
574264  1  12  5  1  106
574264  1  13  5  1  97
574264  1  14  5  1  98
574264  1  15  5  1  100
574264  1  16  5  1  99
574264  1  17  5  1  91
574264  1  18  5  1  92
574264  1  19  5  1  90
574264  1  20  5  1  89
574264  1  21  5  1  82
574264  1  22  5  1  83
574264  1  23  5  1  81
574264  1  24  5  1  76
574264  1  25  5  1  84
574264  1  26  5  1  73
574264  1  27  5  1  75
574264  1  28  5  1  74
574264  1  29  5  1  65
574264  1  30  5  1  66
574264  1  31  5  1  67
574264  1  32  5  1  68
574264  1  33  5  1  60
574264  1  34  5  1  59
574264  1  35  5  1  57
574264  1  36  5  1  58
574264  1  37  5  1  50
574264  1  38  5  1  49
574264  1  39  5  1  51
574264  1  40  5  1  52
574264  1  41  5  1  44
574264  1  42  5  1  43
574264  1  43  5  1  41
574264  1  44  5  1  42
574264  1  45  5  1  34
574264  1  46  5  1  33
574264  1  47  5  1  35
574264  1  48  5  1  36
574264  1  49  5  1  28
574264  1  50  5  1  27
574264  1  51  5  1  25
574264  1  52  5  1  26
574264  1  53  5  1  18
574264  1  54  5  1  17
574264  1  55  5  1  19
574264  1  56  5  1  20
574264  1  57  5  1  12
574264  1  58  5  1  11
574264  1  59  5  1  9
574264  1  60  5  1  10
574264  1  61  5  1  2
574264  1  62  5  1  1
574264  1  63  5  1  3
574264  1  64  5  1  4
574264  3  1  5  2  37
574264  3  2  5  2  38
574264  3  3  5  2  36
574264  3  4  5  2  34
574264  3  5  5  2  28
574264  3  6  5  2  29
574264  3  7  5  2  27
574264  3  8  5  2  22
574264  3  9  5  2  30
574264  3  10  5  2  19
574264  3  11  5  2  21
574264  3  12  5  2  20
574264  3  13  5  2  11
574264  3  14  5  2  12
574264  3  15  5  2  14
574264  3  16  5  2  13
574264  3  17  5  2  5
574264  3  18  5  2  6
574264  3  19  5  2  4
574264  3  20  5  2  3
574264  3  21  5  1  210
574264  3  22  5  1  211
574264  3  23  5  1  209
574264  3  24  5  1  204
574264  3  25  5  1  212
574264  3  26  5  1  201
574264  3  27  5  1  203
574264  3  28  5  1  202
574264  3  29  5  1  193
574264  3  30  5  1  194
574264  3  31  5  1  195
574264  3  32  5  1  196
574264  3  33  5  1  188
574264  3  34  5  1  187
574264  3  35  5  1  185
574264  3  36  5  1  186
574264  3  37  5  1  178
574264  3  38  5  1  177
574264  3  39  5  1  179
574264  3  40  5  1  180
574264  3  41  5  1  172
574264  3  42  5  1  171
574264  3  43  5  1  169
574264  3  44  5  1  170
574264  3  45  5  1  162
574264  3  46  5  1  161
574264  3  47  5  1  163
574264  3  48  5  1  164
574264  3  49  5  1  156
574264  3  50  5  1  155
574264  3  51  5  1  153
574264  3  52  5  1  154
574264  3  53  5  1  146
574264  3  54  5  1  145
574264  3  55  5  1  147
574264  3  56  5  1  148
574264  3  57  5  1  140
574264  3  58  5  1  139
574264  3  59  5  1  137
574264  3  60  5  1  138
574264  3  61  5  1  130
574264  3  62  5  1  129
574264  3  63  5  1  131
574264  3  64  5  1  132
574264  4  1  5  2  165
574264  4  2  5  2  166
574264  4  3  5  2  164
574264  4  4  5  2  163
574264  4  5  5  2  156
574264  4  6  5  2  157
574264  4  7  5  2  155
574264  4  8  5  2  150
574264  4  9  5  2  158
574264  4  10  5  2  147
574264  4  11  5  2  149
574264  4  12  5  2  148
574264  4  13  5  2  139
574264  4  14  5  2  140
574264  4  15  5  2  142
574264  4  16  5  2  141
574264  4  17  5  2  133
574264  4  18  5  2  134
574264  4  19  5  2  132
574264  4  20  5  2  131
574264  4  21  5  2  124
574264  4  22  5  2  125
574264  4  23  5  2  123
574264  4  24  5  2  118
574264  4  25  5  2  126
574264  4  26  5  2  115
574264  4  27  5  2  117
574264  4  28  5  2  116
574264  4  29  5  2  107
574264  4  30  5  2  108
574264  4  31  5  2  109
574264  4  32  5  2  110
574264  4  33  5  2  102
574264  4  34  5  2  101
574264  4  35  5  2  99
574264  4  36  5  2  100
574264  4  37  5  2  92
574264  4  38  5  2  91
574264  4  39  5  2  93
574264  4  40  5  2  94
574264  4  41  5  2  86
574264  4  42  5  2  85
574264  4  43  5  2  83
574264  4  44  5  2  84
574264  4  45  5  2  76
574264  4  46  5  2  75
574264  4  47  5  2  77
574264  4  48  5  2  78
574264  4  49  5  2  70
574264  4  50  5  2  69
574264  4  51  5  2  67
574264  4  52  5  2  68
574264  4  53  5  2  60
574264  4  54  5  2  59
574264  4  55  5  2  61
574264  4  56  5  2  62
574264  4  57  5  2  54
574264  4  58  5  2  53
574264  4  59  5  2  51
574264  4  60  5  2  52
574264  4  61  5  2  44
574264  4  62  5  2  43
574264  4  63  5  2  45
574264  4  64  5  2  46
574264  6  1  5  3  81
574264  6  2  5  3  82
574264  6  3  5  3  80
574264  6  4  5  3  79
574264  6  5  5  3  72
574264  6  6  5  3  73
574264  6  7  5  3  71
574264  6  8  5  3  66
574264  6  9  5  3  74
574264  6  10  5  3  63
574264  6  11  5  3  65
574264  6  12  5  3  64
574264  6  13  5  3  55
574264  6  14  5  3  56
574264  6  15  5  3  58
574264  6  16  5  3  57
574264  6  17  5  3  49
574264  6  18  5  3  50
574264  6  19  5  3  48
574264  6  20  5  3  47
574264  6  21  5  3  40
574264  6  22  5  3  41
574264  6  23  5  3  39
574264  6  24  5  3  34
574264  6  25  5  3  42
574264  6  26  5  3  31
574264  6  27  5  3  33
574264  6  28  5  3  32
574264  6  29  5  3  23
574264  6  30  5  3  24
574264  6  31  5  3  25
574264  6  32  5  3  26
574264  6  33  5  3  18
574264  6  34  5  3  17
574264  6  35  5  3  15
574264  6  36  5  3  16
574264  6  37  5  3  8
574264  6  38  5  3  7
574264  6  39  5  3  9
574264  6  40  5  3  10
574264  6  41  5  3  2
574264  6  42  5  3  1
574264  6  43  5  2  211
574264  6  44  5  2  212
574264  6  45  5  2  204
574264  6  46  5  2  203
574264  6  47  5  2  205
574264  6  48  5  2  206
574264  6  49  5  2  198
574264  6  50  5  2  197
574264  6  51  5  2  195
574264  6  52  5  2  196
574264  6  53  5  2  188
574264  6  54  5  2  187
574264  6  55  5  2  189
574264  6  56  5  2  190
574264  6  57  5  2  182
574264  6  58  5  2  181
574264  6  59  5  2  179
574264  6  60  5  2  180
574264  6  61  5  2  172
574264  6  62  5  2  171
574264  6  63  5  2  173
574264  6  64  5  2  174
574264  7  1  5  3  209
574264  7  2  5  3  210
574264  7  3  5  3  208
574264  7  4  5  3  207
574264  7  5  5  3  200
574264  7  6  5  3  201
574264  7  7  5  3  199
574264  7  8  5  3  194
574264  7  9  5  3  202
574264  7  10  5  3  191
574264  7  11  5  3  193
574264  7  12  5  3  192
574264  7  13  5  3  183
574264  7  14  5  3  184
574264  7  15  5  3  186
574264  7  16  5  3  185
574264  7  17  5  3  177
574264  7  18  5  3  178
574264  7  19  5  3  176
574264  7  20  5  3  175
574264  7  21  5  3  168
574264  7  22  5  3  169
574264  7  23  5  3  167
574264  7  24  5  3  162
574264  7  25  5  3  170
574264  7  26  5  3  159
574264  7  27  5  3  161
574264  7  28  5  3  160
574264  7  29  5  3  151
574264  7  30  5  3  152
574264  7  31  5  3  153
574264  7  32  5  3  154
574264  7  33  5  3  146
574264  7  34  5  3  145
574264  7  35  5  3  143
574264  7  36  5  3  144
574264  7  37  5  3  136
574264  7  38  5  3  135
574264  7  39  5  3  137
574264  7  40  5  3  138
574264  7  41  5  3  130
574264  7  42  5  3  129
574264  7  43  5  3  127
574264  7  44  5  3  128
574264  7  45  5  3  120
574264  7  46  5  3  119
574264  7  47  5  3  121
574264  7  48  5  3  122
574264  7  49  5  3  114
574264  7  50  5  3  113
574264  7  51  5  3  111
574264  7  52  5  3  112
574264  7  53  5  3  104
574264  7  54  5  3  103
574264  7  55  5  3  105
574264  7  56  5  3  106
574264  7  57  5  3  98
574264  7  58  5  3  97
574264  7  59  5  3  95
574264  7  60  5  3  96
574264  7  61  5  3  88
574264  7  62  5  3  87
574264  7  63  5  3  89
574264  7  64  5  3  90
574359  2  1  5  3  92
574359  2  2  5  3  91
574359  2  3  5  3  93
574359  2  4  5  3  94
574359  2  5  5  3  101
574359  2  6  5  3  100
574359  2  7  5  3  102
574359  2  8  5  3  107
574359  2  9  5  3  99
574359  2  10  5  3  110
574359  2  11  5  3  108
574359  2  12  5  3  109
574359  2  13  5  3  118
574359  2  14  5  3  117
574359  2  15  5  3  115
574359  2  16  5  3  116
574359  2  17  5  3  124
574359  2  18  5  3  123
574359  2  19  5  3  125
574359  2  20  5  3  126
574359  2  21  5  3  133
574359  2  22  5  3  132
574359  2  23  5  3  134
574359  2  24  5  3  139
574359  2  25  5  3  131
574359  2  26  5  3  142
574359  2  27  5  3  140
574359  2  28  5  3  141
574359  2  29  5  3  150
574359  2  30  5  3  149
574359  2  31  5  3  148
574359  2  32  5  3  147
574359  2  33  5  3  155
574359  2  34  5  3  156
574359  2  35  5  3  158
574359  2  36  5  3  157
574359  2  37  5  3  165
574359  2  38  5  3  166
574359  2  39  5  3  164
574359  2  40  5  3  163
574359  2  41  5  3  171
574359  2  42  5  3  172
574359  2  43  5  3  174
574359  2  44  5  3  173
574359  2  45  5  3  181
574359  2  46  5  3  182
574359  2  47  5  3  180
574359  2  48  5  3  179
574359  2  49  5  3  187
574359  2  50  5  3  188
574359  2  51  5  3  190
574359  2  52  5  3  189
574359  2  53  5  3  197
574359  2  54  5  3  198
574359  2  55  5  3  196
574359  2  56  5  3  195
574359  2  57  5  3  203
574359  2  58  5  3  204
574359  2  59  5  3  206
574359  2  60  5  3  205
574359  2  61  5  3  213
574359  2  62  5  3  214
574359  2  63  5  3  212
574359  2  64  5  3  211
574359  3  1  5  2  176
574359  3  2  5  2  175
574359  3  3  5  2  177
574359  3  4  5  2  178
574359  3  5  5  2  185
574359  3  6  5  2  184
574359  3  7  5  2  186
574359  3  8  5  2  191
574359  3  9  5  2  183
574359  3  10  5  2  194
574359  3  11  5  2  192
574359  3  12  5  2  193
574359  3  13  5  2  202
574359  3  14  5  2  201
574359  3  15  5  2  199
574359  3  16  5  2  200
574359  3  17  5  2  208
574359  3  18  5  2  207
574359  3  19  5  2  209
574359  3  20  5  2  210
574359  3  21  5  3  5
574359  3  22  5  3  4
574359  3  23  5  3  6
574359  3  24  5  3  11
574359  3  25  5  3  3
574359  3  26  5  3  14
574359  3  27  5  3  12
574359  3  28  5  3  13
574359  3  29  5  3  22
574359  3  30  5  3  21
574359  3  31  5  3  20
574359  3  32  5  3  19
574359  3  33  5  3  27
574359  3  34  5  3  28
574359  3  35  5  3  30
574359  3  36  5  3  29
574359  3  37  5  3  37
574359  3  38  5  3  38
574359  3  39  5  3  36
574359  3  40  5  3  35
574359  3  41  5  3  43
574359  3  42  5  3  44
574359  3  43  5  3  46
574359  3  44  5  3  45
574359  3  45  5  3  53
574359  3  46  5  3  54
574359  3  47  5  3  52
574359  3  48  5  3  51
574359  3  49  5  3  59
574359  3  50  5  3  60
574359  3  51  5  3  62
574359  3  52  5  3  61
574359  3  53  5  3  69
574359  3  54  5  3  70
574359  3  55  5  3  68
574359  3  56  5  3  67
574359  3  57  5  3  75
574359  3  58  5  3  76
574359  3  59  5  3  78
574359  3  60  5  3  77
574359  3  61  5  3  85
574359  3  62  5  3  86
574359  3  63  5  3  84
574359  3  64  5  3  83
574359  5  1  5  2  48
574359  5  2  5  2  47
574359  5  3  5  2  49
574359  5  4  5  2  50
574359  5  5  5  2  57
574359  5  6  5  2  56
574359  5  7  5  2  58
574359  5  8  5  2  63
574359  5  9  5  2  55
574359  5  10  5  2  66
574359  5  11  5  2  64
574359  5  12  5  2  65
574359  5  13  5  2  74
574359  5  14  5  2  73
574359  5  15  5  2  71
574359  5  16  5  2  72
574359  5  17  5  2  80
574359  5  18  5  2  79
574359  5  19  5  2  81
574359  5  20  5  2  82
574359  5  21  5  2  89
574359  5  22  5  2  88
574359  5  23  5  2  90
574359  5  24  5  2  95
574359  5  25  5  2  87
574359  5  26  5  2  98
574359  5  27  5  2  96
574359  5  28  5  2  97
574359  5  29  5  2  106
574359  5  30  5  2  105
574359  5  31  5  2  104
574359  5  32  5  2  103
574359  5  33  5  2  111
574359  5  34  5  2  112
574359  5  35  5  2  114
574359  5  36  5  2  113
574359  5  37  5  2  121
574359  5  38  5  2  122
574359  5  39  5  2  120
574359  5  40  5  2  119
574359  5  41  5  2  127
574359  5  42  5  2  128
574359  5  43  5  2  130
574359  5  44  5  2  129
574359  5  45  5  2  137
574359  5  46  5  2  138
574359  5  47  5  2  136
574359  5  48  5  2  135
574359  5  49  5  2  143
574359  5  50  5  2  144
574359  5  51  5  2  146
574359  5  52  5  2  145
574359  5  53  5  2  153
574359  5  54  5  2  154
574359  5  55  5  2  152
574359  5  56  5  2  151
574359  5  57  5  2  159
574359  5  58  5  2  160
574359  5  59  5  2  162
574359  5  60  5  2  161
574359  5  61  5  2  169
574359  5  62  5  2  170
574359  5  63  5  2  168
574359  5  64  5  2  167
574359  6  1  5  1  134
574359  6  2  5  1  133
574359  6  3  5  1  135
574359  6  4  5  1  136
574359  6  5  5  1  143
574359  6  6  5  1  142
574359  6  7  5  1  144
574359  6  8  5  1  149
574359  6  9  5  1  141
574359  6  10  5  1  152
574359  6  11  5  1  150
574359  6  12  5  1  151
574359  6  13  5  1  160
574359  6  14  5  1  159
574359  6  15  5  1  157
574359  6  16  5  1  158
574359  6  17  5  1  166
574359  6  18  5  1  165
574359  6  19  5  1  167
574359  6  20  5  1  168
574359  6  21  5  1  175
574359  6  22  5  1  174
574359  6  23  5  1  176
574359  6  24  5  1  181
574359  6  25  5  1  173
574359  6  26  5  1  184
574359  6  27  5  1  182
574359  6  28  5  1  183
574359  6  29  5  1  192
574359  6  30  5  1  191
574359  6  31  5  1  190
574359  6  32  5  1  189
574359  6  33  5  1  197
574359  6  34  5  1  198
574359  6  35  5  1  200
574359  6  36  5  1  199
574359  6  37  5  1  207
574359  6  38  5  1  208
574359  6  39  5  1  206
574359  6  40  5  1  205
574359  6  41  5  1  213
574359  6  42  5  1  214
574359  6  43  5  2  2
574359  6  44  5  2  1
574359  6  45  5  2  9
574359  6  46  5  2  10
574359  6  47  5  2  8
574359  6  48  5  2  7
574359  6  49  5  2  15
574359  6  50  5  2  16
574359  6  51  5  2  18
574359  6  52  5  2  17
574359  6  53  5  2  25
574359  6  54  5  2  26
574359  6  55  5  2  24
574359  6  56  5  2  23
574359  6  57  5  2  31
574359  6  58  5  2  35
574359  6  59  5  2  33
574359  6  60  5  2  32
574359  6  61  5  2  41
574359  6  62  5  2  42
574359  6  63  5  2  40
574359  6  64  5  2  39
574359  8  1  5  1  6
574359  8  2  5  1  5
574359  8  3  5  1  7
574359  8  4  5  1  8
574359  8  5  5  1  15
574359  8  6  5  1  14
574359  8  7  5  1  16
574359  8  8  5  1  21
574359  8  9  5  1  13
574359  8  10  5  1  24
574359  8  11  5  1  22
574359  8  12  5  1  23
574359  8  13  5  1  32
574359  8  14  5  1  31
574359  8  15  5  1  29
574359  8  16  5  1  30
574359  8  17  5  1  38
574359  8  18  5  1  37
574359  8  19  5  1  39
574359  8  20  5  1  40
574359  8  21  5  1  47
574359  8  22  5  1  46
574359  8  23  5  1  48
574359  8  24  5  1  53
574359  8  25  5  1  45
574359  8  26  5  1  56
574359  8  27  5  1  54
574359  8  28  5  1  55
574359  8  29  5  1  64
574359  8  30  5  1  63
574359  8  31  5  1  62
574359  8  32  5  1  61
574359  8  33  5  1  69
574359  8  34  5  1  70
574359  8  35  5  1  72
574359  8  36  5  1  71
574359  8  37  5  1  79
574359  8  38  5  1  80
574359  8  39  5  1  78
574359  8  40  5  1  77
574359  8  41  5  1  85
574359  8  42  5  1  86
574359  8  43  5  1  88
574359  8  44  5  1  87
574359  8  45  5  1  95
574359  8  46  5  1  96
574359  8  47  5  1  94
574359  8  48  5  1  93
574359  8  49  5  1  101
574359  8  50  5  1  102
574359  8  51  5  1  104
574359  8  52  5  1  103
574359  8  53  5  1  111
574359  8  54  5  1  112
574359  8  55  5  1  110
574359  8  56  5  1  109
574359  8  57  5  1  117
574359  8  58  5  1  118
574359  8  59  5  1  120
574359  8  60  5  1  119
574359  8  61  5  1  127
574359  8  62  5  1  128
574359  8  63  5  1  126
574359  8  64  5  1  125
574264  2  1  5  -1  -1
574264  2  2  5  -1  -1
574264  2  3  5  -1  -1
574264  2  4  5  -1  -1
574264  2  5  5  -1  -1
574264  2  6  5  -1  -1
574264  2  7  5  -1  -1
574264  2  8  5  -1  -1
574264  2  9  5  -1  -1
574264  2  10  5  -1  -1
574264  2  11  5  -1  -1
574264  2  12  5  -1  -1
574264  2  13  5  -1  -1
574264  2  14  5  -1  -1
574264  2  15  5  -1  -1
574264  2  16  5  -1  -1
574264  2  17  5  -1  -1
574264  2  18  5  -1  -1
574264  2  19  5  -1  -1
574264  2  20  5  -1  -1
574264  2  21  5  -1  -1
574264  2  22  5  -1  -1
574264  2  23  5  -1  -1
574264  2  24  5  -1  -1
574264  2  25  5  -1  -1
574264  2  26  5  -1  -1
574264  2  27  5  -1  -1
574264  2  28  5  -1  -1
574264  2  29  5  -1  -1
574264  2  30  5  -1  -1
574264  2  31  5  -1  -1
574264  2  32  5  -1  -1
574264  2  33  5  -1  -1
574264  2  34  5  -1  -1
574264  2  35  5  -1  -1
574264  2  36  5  -1  -1
574264  2  37  5  -1  -1
574264  2  38  5  -1  -1
574264  2  39  5  -1  -1
574264  2  40  5  -1  -1
574264  2  41  5  -1  -1
574264  2  42  5  -1  -1
574264  2  43  5  -1  -1
574264  2  44  5  -1  -1
574264  2  45  5  -1  -1
574264  2  46  5  -1  -1
574264  2  47  5  -1  -1
574264  2  48  5  -1  -1
574264  2  49  5  -1  -1
574264  2  50  5  -1  -1
574264  2  51  5  -1  -1
574264  2  52  5  -1  -1
574264  2  53  5  -1  -1
574264  2  54  5  -1  -1
574264  2  55  5  -1  -1
574264  2  56  5  -1  -1
574264  2  57  5  -1  -1
574264  2  58  5  -1  -1
574264  2  59  5  -1  -1
574264  2  60  5  -1  -1
574264  2  61  5  -1  -1
574264  2  62  5  -1  -1
574264  2  63  5  -1  -1
574264  2  64  5  -1  -1
574264  5  1  5  -1  -1
574264  5  2  5  -1  -1
574264  5  3  5  -1  -1
574264  5  4  5  -1  -1
574264  5  5  5  -1  -1
574264  5  6  5  -1  -1
574264  5  7  5  -1  -1
574264  5  8  5  -1  -1
574264  5  9  5  -1  -1
574264  5  10  5  -1  -1
574264  5  11  5  -1  -1
574264  5  12  5  -1  -1
574264  5  13  5  -1  -1
574264  5  14  5  -1  -1
574264  5  15  5  -1  -1
574264  5  16  5  -1  -1
574264  5  17  5  -1  -1
574264  5  18  5  -1  -1
574264  5  19  5  -1  -1
574264  5  20  5  -1  -1
574264  5  21  5  -1  -1
574264  5  22  5  -1  -1
574264  5  23  5  -1  -1
574264  5  24  5  -1  -1
574264  5  25  5  -1  -1
574264  5  26  5  -1  -1
574264  5  27  5  -1  -1
574264  5  28  5  -1  -1
574264  5  29  5  -1  -1
574264  5  30  5  -1  -1
574264  5  31  5  -1  -1
574264  5  32  5  -1  -1
574264  5  33  5  -1  -1
574264  5  34  5  -1  -1
574264  5  35  5  -1  -1
574264  5  36  5  -1  -1
574264  5  37  5  -1  -1
574264  5  38  5  -1  -1
574264  5  39  5  -1  -1
574264  5  40  5  -1  -1
574264  5  41  5  -1  -1
574264  5  42  5  -1  -1
574264  5  43  5  -1  -1
574264  5  44  5  -1  -1
574264  5  45  5  -1  -1
574264  5  46  5  -1  -1
574264  5  47  5  -1  -1
574264  5  48  5  -1  -1
574264  5  49  5  -1  -1
574264  5  50  5  -1  -1
574264  5  51  5  -1  -1
574264  5  52  5  -1  -1
574264  5  53  5  -1  -1
574264  5  54  5  -1  -1
574264  5  55  5  -1  -1
574264  5  56  5  -1  -1
574264  5  57  5  -1  -1
574264  5  58  5  -1  -1
574264  5  59  5  -1  -1
574264  5  60  5  -1  -1
574264  5  61  5  -1  -1
574264  5  62  5  -1  -1
574264  5  63  5  -1  -1
574264  5  64  5  -1  -1
574264  8  1  5  -1  -1
574264  8  2  5  -1  -1
574264  8  3  5  -1  -1
574264  8  4  5  -1  -1
574264  8  5  5  -1  -1
574264  8  6  5  -1  -1
574264  8  7  5  -1  -1
574264  8  8  5  -1  -1
574264  8  9  5  -1  -1
574264  8  10  5  -1  -1
574264  8  11  5  -1  -1
574264  8  12  5  -1  -1
574264  8  13  5  -1  -1
574264  8  14  5  -1  -1
574264  8  15  5  -1  -1
574264  8  16  5  -1  -1
574264  8  17  5  -1  -1
574264  8  18  5  -1  -1
574264  8  19  5  -1  -1
574264  8  20  5  -1  -1
574264  8  21  5  -1  -1
574264  8  22  5  -1  -1
574264  8  23  5  -1  -1
574264  8  24  5  -1  -1
574264  8  25  5  -1  -1
574264  8  26  5  -1  -1
574264  8  27  5  -1  -1
574264  8  28  5  -1  -1
574264  8  29  5  -1  -1
574264  8  30  5  -1  -1
574264  8  31  5  -1  -1
574264  8  32  5  -1  -1
574264  8  33  5  -1  -1
574264  8  34  5  -1  -1
574264  8  35  5  -1  -1
574264  8  36  5  -1  -1
574264  8  37  5  -1  -1
574264  8  38  5  -1  -1
574264  8  39  5  -1  -1
574264  8  40  5  -1  -1
574264  8  41  5  -1  -1
574264  8  42  5  -1  -1
574264  8  43  5  -1  -1
574264  8  44  5  -1  -1
574264  8  45  5  -1  -1
574264  8  46  5  -1  -1
574264  8  47  5  -1  -1
574264  8  48  5  -1  -1
574264  8  49  5  -1  -1
574264  8  50  5  -1  -1
574264  8  51  5  -1  -1
574264  8  52  5  -1  -1
574264  8  53  5  -1  -1
574264  8  54  5  -1  -1
574264  8  55  5  -1  -1
574264  8  56  5  -1  -1
574264  8  57  5  -1  -1
574264  8  58  5  -1  -1
574264  8  59  5  -1  -1
574264  8  60  5  -1  -1
574264  8  61  5  -1  -1
574264  8  62  5  -1  -1
574264  8  63  5  -1  -1
574264  8  64  5  -1  -1
574359  1  1  5  -1  -1
574359  1  2  5  -1  -1
574359  1  3  5  -1  -1
574359  1  4  5  -1  -1
574359  1  5  5  -1  -1
574359  1  6  5  -1  -1
574359  1  7  5  -1  -1
574359  1  8  5  -1  -1
574359  1  9  5  -1  -1
574359  1  10  5  -1  -1
574359  1  11  5  -1  -1
574359  1  12  5  -1  -1
574359  1  13  5  -1  -1
574359  1  14  5  -1  -1
574359  1  15  5  -1  -1
574359  1  16  5  -1  -1
574359  1  17  5  -1  -1
574359  1  18  5  -1  -1
574359  1  19  5  -1  -1
574359  1  20  5  -1  -1
574359  1  21  5  -1  -1
574359  1  22  5  -1  -1
574359  1  23  5  -1  -1
574359  1  24  5  -1  -1
574359  1  25  5  -1  -1
574359  1  26  5  -1  -1
574359  1  27  5  -1  -1
574359  1  28  5  -1  -1
574359  1  29  5  -1  -1
574359  1  30  5  -1  -1
574359  1  31  5  -1  -1
574359  1  32  5  -1  -1
574359  1  33  5  -1  -1
574359  1  34  5  -1  -1
574359  1  35  5  -1  -1
574359  1  36  5  -1  -1
574359  1  37  5  -1  -1
574359  1  38  5  -1  -1
574359  1  39  5  -1  -1
574359  1  40  5  -1  -1
574359  1  41  5  -1  -1
574359  1  42  5  -1  -1
574359  1  43  5  -1  -1
574359  1  44  5  -1  -1
574359  1  45  5  -1  -1
574359  1  46  5  -1  -1
574359  1  47  5  -1  -1
574359  1  48  5  -1  -1
574359  1  49  5  -1  -1
574359  1  50  5  -1  -1
574359  1  51  5  -1  -1
574359  1  52  5  -1  -1
574359  1  53  5  -1  -1
574359  1  54  5  -1  -1
574359  1  55  5  -1  -1
574359  1  56  5  -1  -1
574359  1  57  5  -1  -1
574359  1  58  5  -1  -1
574359  1  59  5  -1  -1
574359  1  60  5  -1  -1
574359  1  61  5  -1  -1
574359  1  62  5  -1  -1
574359  1  63  5  -1  -1
574359  1  64  5  -1  -1
574359  4  1  5  -1  -1
574359  4  2  5  -1  -1
574359  4  3  5  -1  -1
574359  4  4  5  -1  -1
574359  4  5  5  -1  -1
574359  4  6  5  -1  -1
574359  4  7  5  -1  -1
574359  4  8  5  -1  -1
574359  4  9  5  -1  -1
574359  4  10  5  -1  -1
574359  4  11  5  -1  -1
574359  4  12  5  -1  -1
574359  4  13  5  -1  -1
574359  4  14  5  -1  -1
574359  4  15  5  -1  -1
574359  4  16  5  -1  -1
574359  4  17  5  -1  -1
574359  4  18  5  -1  -1
574359  4  19  5  -1  -1
574359  4  20  5  -1  -1
574359  4  21  5  -1  -1
574359  4  22  5  -1  -1
574359  4  23  5  -1  -1
574359  4  24  5  -1  -1
574359  4  25  5  -1  -1
574359  4  26  5  -1  -1
574359  4  27  5  -1  -1
574359  4  28  5  -1  -1
574359  4  29  5  -1  -1
574359  4  30  5  -1  -1
574359  4  31  5  -1  -1
574359  4  32  5  -1  -1
574359  4  33  5  -1  -1
574359  4  34  5  -1  -1
574359  4  35  5  -1  -1
574359  4  36  5  -1  -1
574359  4  37  5  -1  -1
574359  4  38  5  -1  -1
574359  4  39  5  -1  -1
574359  4  40  5  -1  -1
574359  4  41  5  -1  -1
574359  4  42  5  -1  -1
574359  4  43  5  -1  -1
574359  4  44  5  -1  -1
574359  4  45  5  -1  -1
574359  4  46  5  -1  -1
574359  4  47  5  -1  -1
574359  4  48  5  -1  -1
574359  4  49  5  -1  -1
574359  4  50  5  -1  -1
574359  4  51  5  -1  -1
574359  4  52  5  -1  -1
574359  4  53  5  -1  -1
574359  4  54  5  -1  -1
574359  4  55  5  -1  -1
574359  4  56  5  -1  -1
574359  4  57  5  -1  -1
574359  4  58  5  -1  -1
574359  4  59  5  -1  -1
574359  4  60  5  -1  -1
574359  4  61  5  -1  -1
574359  4  62  5  -1  -1
574359  4  63  5  -1  -1
574359  4  64  5  -1  -1
574359  7  1  5  -1  -1
574359  7  2  5  -1  -1
574359  7  3  5  -1  -1
574359  7  4  5  -1  -1
574359  7  5  5  -1  -1
574359  7  6  5  -1  -1
574359  7  7  5  -1  -1
574359  7  8  5  -1  -1
574359  7  9  5  -1  -1
574359  7  10  5  -1  -1
574359  7  11  5  -1  -1
574359  7  12  5  -1  -1
574359  7  13  5  -1  -1
574359  7  14  5  -1  -1
574359  7  15  5  -1  -1
574359  7  16  5  -1  -1
574359  7  17  5  -1  -1
574359  7  18  5  -1  -1
574359  7  19  5  -1  -1
574359  7  20  5  -1  -1
574359  7  21  5  -1  -1
574359  7  22  5  -1  -1
574359  7  23  5  -1  -1
574359  7  24  5  -1  -1
574359  7  25  5  -1  -1
574359  7  26  5  -1  -1
574359  7  27  5  -1  -1
574359  7  28  5  -1  -1
574359  7  29  5  -1  -1
574359  7  30  5  -1  -1
574359  7  31  5  -1  -1
574359  7  32  5  -1  -1
574359  7  33  5  -1  -1
574359  7  34  5  -1  -1
574359  7  35  5  -1  -1
574359  7  36  5  -1  -1
574359  7  37  5  -1  -1
574359  7  38  5  -1  -1
574359  7  39  5  -1  -1
574359  7  40  5  -1  -1
574359  7  41  5  -1  -1
574359  7  42  5  -1  -1
574359  7  43  5  -1  -1
574359  7  44  5  -1  -1
574359  7  45  5  -1  -1
574359  7  46  5  -1  -1
574359  7  47  5  -1  -1
574359  7  48  5  -1  -1
574359  7  49  5  -1  -1
574359  7  50  5  -1  -1
574359  7  51  5  -1  -1
574359  7  52  5  -1  -1
574359  7  53  5  -1  -1
574359  7  54  5  -1  -1
574359  7  55  5  -1  -1
574359  7  56  5  -1  -1
574359  7  57  5  -1  -1
574359  7  58  5  -1  -1
574359  7  59  5  -1  -1
574359  7  60  5  -1  -1
574359  7  61  5  -1  -1
574359  7  62  5  -1  -1
574359  7  63  5  -1  -1
574359  7  64  5  -1  -1
