16 boards
0 0 0 0 31.5 12.25
1 0 0 1 32.5 12.8
2 0 0 2 29.5 12
3 0 0 3 31.5 12.6
4 0 0 4 31.5 19.4
5 0 0 5 29.5 11.75
6 0 0 6 31.5 12
7 0 0 7 32.5 13
8 0 0 8 30.5 18.1666666667
9 0 0 9 31.5 12.4
10 0 0 10 32.5 12.6666666667
11 0 0 11 30.5 13.7142857143
12 0 0 12 31.5 12.4
13 0 0 13 31.5 12.6
14 0 0 14 31.5 12.8
15 0 0 15 31.5 13.2857142857
16 0 0 16 32.5 13
17 0 0 17 32.5 13
18 0 0 18 33.5 15
19 0 0 19 32.5 13
20 0 0 20 32.5 13.1666666667
21 0 0 21 32.5 12.5
22 0 0 22 0 0
23 0 0 23 32.5 13.4
24 0 0 24 33.5 12.6666666667
25 0 0 25 33.5 13.5
26 0 0 26 32.5 13.1666666667
27 0 0 27 34.5 13
28 0 0 28 33.5 13.1666666667
29 0 0 29 31.5 15.1666666667
30 0 0 30 32.5 12.125
31 0 0 31 32.5 12.7142857143
32 0 0 32 31.5 13.2
33 0 0 33 32.5 16.4285714286
34 0 0 34 31.5 13.6
35 0 0 35 32.5 13.3333333333
36 0 0 36 33.5 12.8571428571
37 0 0 37 31.5 13.5
38 0 0 38 32.5 15.6666666667
39 0 0 39 32.5 13.1666666667
40 0 0 40 33.5 13
41 0 0 41 32.5 13.4
42 0 0 42 33.5 14
43 0 0 43 32.5 13.7142857143
44 0 0 44 34.5 13.1428571429
45 0 0 45 32.5 13
46 0 0 46 33.5 13.3333333333
47 0 0 47 32.5 13.8
48 0 0 48 32.5 13.8333333333
49 0 0 49 33.5 14
50 0 0 50 33.5 13.3333333333
51 0 0 51 32.5 13.6666666667
52 0 0 52 33.5 13.7142857143
53 0 0 53 33.5 16.4
54 0 0 54 34.5 13.6
55 0 0 55 33.5 13.8333333333
56 0 0 56 34.5 14
57 0 0 57 32.5 15
58 0 0 58 34.5 15.5
59 0 0 59 33.5 13
60 0 0 60 33.5 12.6
61 0 0 61 33.5 12.75
62 0 0 62 35.5 13.4
63 0 0 63 35.5 13.6
64 0 0 64 30.5 13.4
65 0 0 65 31.5 11.6
66 0 0 66 31.5 11
67 0 0 67 30.5 14
68 0 0 68 30.5 13
69 0 0 69 29.5 11.5
70 0 0 70 30.5 11
71 0 0 71 30.5 10.6
72 0 0 72 31.5 11.5714285714
73 0 0 73 29.5 10
74 0 0 74 30.5 11.8333333333
75 0 0 75 31.5 10.25
76 0 0 76 31.5 9.75
77 0 0 77 30.5 10.2
78 0 0 78 31.5 10.8333333333
79 0 0 79 30.5 10.4
80 0 0 80 32.5 10.8333333333
81 0 0 81 31.5 10.6
82 0 0 82 31.5 10.4
83 0 0 83 30.5 14.5
84 0 0 84 32.5 10.2
85 0 0 85 30.5 15.4
86 0 0 86 31.5 10.8333333333
87 0 0 87 32.5 13.1666666667
88 0 0 88 30.5 11.2
89 0 0 89 33.5 11.6
90 0 0 90 31.5 11.75
91 0 0 91 31.5 13.3333333333
92 0 0 92 31.5 11.4285714286
93 0 0 93 29.5 11.5
94 0 0 94 32.5 11.8
95 0 0 95 33.5 11.4
96 0 0 96 24.5 13.8
97 0 0 97 23.5 11.5714285714
98 0 0 98 25.5 11.4
99 0 0 99 24.5 11.25
100 0 0 100 24.5 11.2
101 0 0 101 25.5 13.6
102 0 0 102 25.5 11.4
103 0 0 103 25.5 11.5
104 0 0 104 24.5 11.8333333333
105 0 0 105 26.5 14.2857142857
106 0 0 106 27.5 12.2
107 0 0 107 25.5 12.6666666667
108 0 0 108 25.5 12.3333333333
109 0 0 109 26.5 12.8
110 0 0 110 24.5 12.6666666667
111 0 0 111 25.5 12.3333333333
112 0 0 112 25.5 15
113 0 0 113 26.5 12.4
114 0 0 114 27.5 12.4
115 0 0 115 24.5 14
116 0 0 116 26.5 14.6
117 0 0 117 25.5 12
118 0 0 118 26.5 12.2857142857
119 0 0 119 26.5 12.2
120 0 0 120 25.5 12.2
121 0 0 121 26.5 11.8333333333
122 0 0 122 26.5 12
123 0 0 123 25.5 11.6666666667
124 0 0 124 26.5 12.3333333333
125 0 0 125 27.5 12.2
126 0 0 126 26.5 14.2
127 0 0 127 27.5 12.2
128 0 1 0 31.5 11.8
129 0 1 1 31.5 12.6
130 0 1 2 30.5 11.6666666667
131 0 1 3 30.5 12.6666666667
132 0 1 4 31.5 12.1666666667
133 0 1 5 31.5 11.5714285714
134 0 1 6 30.5 12
135 0 1 7 31.5 14.5714285714
136 0 1 8 32.5 12
137 0 1 9 32.5 12.5
138 0 1 10 33.5 14.6666666667
139 0 1 11 31.5 15
140 0 1 12 32.5 12.1666666667
141 0 1 13 31.5 12.3333333333
142 0 1 14 32.5 12.3333333333
143 0 1 15 34.5 12.2857142857
144 0 1 16 33.5 13.8333333333
145 0 1 17 -1.5 12.5
146 0 1 18 32.5 12.6666666667
147 0 1 19 32.5 14.8333333333
148 0 1 20 33.5 16.3333333333
149 0 1 21 32.5 12.8
150 0 1 22 33.5 12.4
151 0 1 23 33.5 13.7142857143
152 0 1 24 34.5 15.2
153 0 1 25 33.5 12.6
154 0 1 26 33.5 12.4
155 0 1 27 33.5 12.1666666667
156 0 1 28 34.5 12.1428571429
157 0 1 29 32.5 11.8333333333
158 0 1 30 34.5 14.2
159 0 1 31 32.5 11.5
160 0 1 32 38.5 12.3333333333
161 0 1 33 36.5 14.1428571429
162 0 1 34 35.5 12.6666666667
163 0 1 35 36.5 12.4285714286
164 0 1 36 37.5 18.8
165 0 1 37 35.5 14.8333333333
166 0 1 38 37.5 12.5
167 0 1 39 37.5 12.4
168 0 1 40 37.5 12.8333333333
169 0 1 41 35.5 12.8333333333
170 0 1 42 37.5 15.3333333333
171 0 1 43 36.5 16.5714285714
172 0 1 44 37.5 13
173 0 1 45 38.5 12.6666666667
174 0 1 46 37.5 13.1666666667
175 0 1 47 37.5 13.1666666667
176 0 1 48 38.5 14.2857142857
177 0 1 49 37.5 14.8333333333
178 0 1 50 37.5 14.2857142857
179 0 1 51 38.5 12.2857142857
180 0 1 52 36.5 16.3333333333
181 0 1 53 38.5 14.6666666667
182 0 1 54 39.5 12.1428571429
183 0 1 55 0 0
184 0 1 56 37.5 14.8333333333
185 0 1 57 37.5 13
186 0 1 58 37.5 12.4
187 0 1 59 38.5 12
188 0 1 60 38.5 12.3333333333
189 0 1 61 38.5 12.2
190 0 1 62 38.5 12.4
191 0 1 63 38.5 12.2
192 0 1 64 26.5 14
193 0 1 65 29.5 14.7142857143
194 0 1 66 26.5 13.8333333333
195 0 1 67 27.5 14.6
196 0 1 68 27.5 14
197 0 1 69 27.5 13.7142857143
198 0 1 70 30.5 13.8333333333
199 0 1 71 28.5 13.6666666667
200 0 1 72 29.5 14.3333333333
201 0 1 73 27.5 13.8333333333
202 0 1 74 28.5 12
203 0 1 75 27.5 12.6666666667
204 0 1 76 29.5 13.75
205 0 1 77 28.5 15.6
206 0 1 78 29.5 14.6666666667
207 0 1 79 28.5 13.6666666667
208 0 1 80 28.5 13.6666666667
209 0 1 81 28.5 13.7142857143
210 0 1 82 28.5 14.3333333333
211 0 1 83 29.5 14.6666666667
212 0 1 84 28.5 14
213 0 1 85 28.5 17.8333333333
214 0 1 86 29.5 14.3333333333
215 0 1 87 27.5 14
216 0 1 88 30.5 14.5
217 0 1 89 29.5 13.8
218 0 1 90 30.5 14
219 0 1 91 28.5 13.8
220 0 1 92 28.5 13.8
221 0 1 93 29.5 13.6
222 0 1 94 30.5 12.5
223 0 1 95 30.5 14.2
224 0 1 96 24.5 13.6
225 0 1 97 24.5 13.6666666667
226 0 1 98 24.5 14.3333333333
227 0 1 99 25.5 14
228 0 1 100 25.5 16.3333333333
229 0 1 101 25.5 14.5
230 0 1 102 25.5 14
231 0 1 103 24.5 14
232 0 1 104 26.5 13.1666666667
233 0 1 105 25.5 15.1428571429
234 0 1 106 27.5 12.8
235 0 1 107 25.5 13
236 0 1 108 25.5 12.6
237 0 1 109 23.5 12.8
238 0 1 110 26.5 12
239 0 1 111 24.5 11.8
240 0 1 112 26.5 13.5
241 0 1 113 25.5 13.8333333333
242 0 1 114 26.5 13.2
243 0 1 115 25.5 13.2
244 0 1 116 26.5 12.8
245 0 1 117 25.5 13.8
246 0 1 118 26.5 13.1666666667
247 0 1 119 25.5 14
248 0 1 120 26.5 12.75
249 0 1 121 26.5 15.2
250 0 1 122 28.5 13.2
251 0 1 123 25.5 12.8
252 0 1 124 26.5 13
253 0 1 125 27.5 13.3333333333
254 0 1 126 26.5 12.6
255 0 1 127 25.5 13.8
256 0 2 0 28.5 14.4285714286
257 0 2 1 29.5 14.625
258 0 2 2 28.5 16.5
259 0 2 3 30.5 14.1428571429
260 0 2 4 29.5 15
261 0 2 5 28.5 14.8333333333
262 0 2 6 29.5 14.8571428571
263 0 2 7 30.5 19.1666666667
264 0 2 8 31.5 14.5
265 0 2 9 30.5 13.5
266 0 2 10 30.5 14
267 0 2 11 29.5 15.5
268 0 2 12 29.5 14.3333333333
269 0 2 13 28.5 13.6666666667
270 0 2 14 30.5 14.2857142857
271 0 2 15 29.5 14
272 0 2 16 29.5 13.4
273 0 2 17 29.5 14
274 0 2 18 29.5 18.1428571429
275 0 2 19 30.5 12.5714285714
276 0 2 20 31.5 12.8333333333
277 0 2 21 28.5 18.5
278 0 2 22 30.5 14.2
279 0 2 23 30.5 13.3333333333
280 0 2 24 31.5 13.6666666667
281 0 2 25 30.5 13.4
282 0 2 26 30.5 13.8333333333
283 0 2 27 29.5 13.4
284 0 2 28 29.5 13.2
285 0 2 29 29.5 14.7142857143
286 0 2 30 31.5 15.6666666667
287 0 2 31 31.5 15.4
288 0 2 32 30.5 15
289 0 2 33 31.5 11.8
290 0 2 34 31.5 13.8
291 0 2 35 31.5 13.8
292 0 2 36 32.5 17.3333333333
293 0 2 37 29.5 14
294 0 2 38 31.5 11.8
295 0 2 39 31.5 13.5714285714
296 0 2 40 32.5 12.6666666667
297 0 2 41 29.5 12.3333333333
298 0 2 42 30.5 11.8
299 0 2 43 30.5 12
300 0 2 44 32.5 11.8
301 0 2 45 32.5 11.4
302 0 2 46 31.5 12
303 0 2 47 31.5 14.4285714286
304 0 2 48 32.5 13
305 0 2 49 32.5 13.8333333333
306 0 2 50 32.5 13.2857142857
307 0 2 51 32.5 13.25
308 0 2 52 33.5 12.8
309 0 2 53 31.5 13.2857142857
310 0 2 54 32.5 12.6
311 0 2 55 33.5 13.5
312 0 2 56 33.5 14.6666666667
313 0 2 57 32.5 13.7142857143
314 0 2 58 34.5 13.6
315 0 2 59 31.5 13.2857142857
316 0 2 60 34.5 13.3333333333
317 0 2 61 33.5 15.5
318 0 2 62 33.5 13.5
319 0 2 63 34.5 13.6
320 0 2 64 30.5 14.3333333333
321 0 2 65 29.5 13.5
322 0 2 66 27.5 13.5
323 0 2 67 28.5 13.8
324 0 2 68 27.5 14.5
325 0 2 69 28.5 14.2
326 0 2 70 29.5 14.4
327 0 2 71 27.5 14.8
328 0 2 72 29.5 14.2
329 0 2 73 28.5 14.4
330 0 2 74 29.5 16.6666666667
331 0 2 75 28.5 14.2
332 0 2 76 30.5 16.8333333333
333 0 2 77 30.5 14.2
334 0 2 78 28.5 13.8
335 0 2 79 29.5 14
336 0 2 80 29.5 14.4
337 0 2 81 29.5 14.2
338 0 2 82 28.5 16.4285714286
339 0 2 83 30.5 14.8333333333
340 0 2 84 28.5 15
341 0 2 85 29.5 15
342 0 2 86 29.5 14.6
343 0 2 87 29.5 19
344 0 2 88 29.5 15
345 0 2 89 29.5 13.5
346 0 2 90 30.5 14.3333333333
347 0 2 91 28.5 14.5714285714
348 0 2 92 30.5 14.5
349 0 2 93 31.5 14.8
350 0 2 94 31.5 14.3333333333
351 0 2 95 31.5 14.6
352 0 2 96 33.5 14.5
353 0 2 97 34.5 15
354 0 2 98 33.5 14.6
355 0 2 99 34.5 14.4
356 0 2 100 35.5 15.8333333333
357 0 2 101 33.5 14
358 0 2 102 36.5 14
359 0 2 103 33.5 14.25
360 0 2 104 35.5 16.3333333333
361 0 2 105 34.5 18.8333333333
362 0 2 106 35.5 15.6
363 0 2 107 33.5 15.5
364 0 2 108 34.5 16
365 0 2 109 35.5 15.2
366 0 2 110 35.5 15.6
367 0 2 111 34.5 15.5
368 0 2 112 34.5 15.8333333333
369 0 2 113 34.5 16.4285714286
370 0 2 114 35.5 15
371 0 2 115 36.5 15.5
372 0 2 116 36.5 15.1666666667
373 0 2 117 34.5 15.5
374 0 2 118 35.5 15.1666666667
375 0 2 119 35.5 15.4285714286
376 0 2 120 36.5 15
377 0 2 121 34.5 17.3333333333
378 0 2 122 36.5 14.8
379 0 2 123 36.5 14.8333333333
380 0 2 124 35.5 14.8
381 0 2 125 36.5 15
382 0 2 126 36.5 17.6
383 0 2 127 36.5 15.5
384 0 3 0 30.5 16.5714285714
385 0 3 1 30.5 13.6666666667
386 0 3 2 30.5 15.875
387 0 3 3 31.5 16.5
388 0 3 4 30.5 16.3333333333
389 0 3 5 28.5 16.8333333333
390 0 3 6 31.5 15.6666666667
391 0 3 7 28.5 16.1428571429
392 0 3 8 30.5 17.4285714286
393 0 3 9 28.5 16.1666666667
394 0 3 10 30.5 16.3333333333
395 0 3 11 29.5 14.5714285714
396 0 3 12 29.5 16.5
397 0 3 13 29.5 15.7142857143
398 0 3 14 29.5 14.375
399 0 3 15 32.5 15.2857142857
400 0 3 16 30.5 14.8
401 0 3 17 29.5 15
402 0 3 18 29.5 14.4285714286
403 0 3 19 31.5 17.4
404 0 3 20 29.5 14.2857142857
405 0 3 21 30.5 15.1666666667
406 0 3 22 30.5 14.4285714286
407 0 3 23 30.5 13.8
408 0 3 24 31.5 13.2857142857
409 0 3 25 31.5 15
410 0 3 26 31.5 13.6
411 0 3 27 31.5 13
412 0 3 28 33.5 16.1666666667
413 0 3 29 31.5 15.3333333333
414 0 3 30 32.5 13.5
415 0 3 31 32.5 14
416 0 3 32 28.5 14.1666666667
417 0 3 33 29.5 13.8333333333
418 0 3 34 28.5 13.6
419 0 3 35 29.5 14.1666666667
420 0 3 36 30.5 14.1666666667
421 0 3 37 28.5 13.5
422 0 3 38 31.5 14
423 0 3 39 29.5 16.6666666667
424 0 3 40 30.5 16.1666666667
425 0 3 41 28.5 14.8333333333
426 0 3 42 31.5 13.6666666667
427 0 3 43 29.5 16.6666666667
428 0 3 44 30.5 14.5
429 0 3 45 30.5 16.8333333333
430 0 3 46 29.5 16.7142857143
431 0 3 47 29.5 17.1666666667
432 0 3 48 30.5 18.8571428571
433 0 3 49 30.5 15.8333333333
434 0 3 50 29.5 15.2
435 0 3 51 32.5 15.7142857143
436 0 3 52 31.5 14.8333333333
437 0 3 53 29.5 15.2
438 0 3 54 30.5 15.1666666667
439 0 3 55 30.5 17.6666666667
440 0 3 56 31.5 16
441 0 3 57 31.5 15.1666666667
442 0 3 58 32.5 15.8
443 0 3 59 31.5 18.8333333333
444 0 3 60 31.5 15.25
445 0 3 61 32.5 16
446 0 3 62 32.5 15.8333333333
447 0 3 63 32.5 16
448 0 3 64 30.5 15.4
449 0 3 65 30.5 15.4
450 0 3 66 31.5 19.5
451 0 3 67 30.5 15.25
452 0 3 68 30.5 13.1428571429
453 0 3 69 30.5 15.6666666667
454 0 3 70 30.5 15.6
455 0 3 71 30.5 17.1666666667
456 0 3 72 32.5 15.4
457 0 3 73 30.5 15
458 0 3 74 31.5 13.6
459 0 3 75 30.5 14.6
460 0 3 76 30.5 14.2
461 0 3 77 0 0
462 0 3 78 30.5 14.5
463 0 3 79 31.5 14.5
464 0 3 80 30.5 13.8333333333
465 0 3 81 31.5 17.1666666667
466 0 3 82 30.5 13.5714285714
467 0 3 83 32.5 13.25
468 0 3 84 31.5 14.2
469 0 3 85 30.5 15
470 0 3 86 31.5 13.8
471 0 3 87 30.5 17
472 0 3 88 31.5 13.5
473 0 3 89 30.5 14.8
474 0 3 90 33.5 13.6
475 0 3 91 32.5 14.8
476 0 3 92 31.5 14.8
477 0 3 93 32.5 14.6
478 0 3 94 33.5 14.6666666667
479 0 3 95 33.5 14.6
480 0 3 96 34.5 15.6
481 0 3 97 33.5 15.4
482 0 3 98 33.5 16
483 0 3 99 35.5 15.4
484 0 3 100 34.5 16
485 0 3 101 33.5 15.4
486 0 3 102 35.5 16.5
487 0 3 103 35.5 16.2
488 0 3 104 35.5 15.4
489 0 3 105 32.5 15.4
490 0 3 106 36.5 16.2
491 0 3 107 34.5 18.2
492 0 3 108 35.5 15.2
493 0 3 109 34.5 15.6
494 0 3 110 33.5 21.8
495 0 3 111 34.5 15.6
496 0 3 112 33.5 13.4
497 0 3 113 35.5 13.6
498 0 3 114 35.5 14
499 0 3 115 34.5 16
500 0 3 116 35.5 13.8
501 0 3 117 35.5 13.6666666667
502 0 3 118 35.5 13.6666666667
503 0 3 119 36.5 14
504 0 3 120 34.5 13.5
505 0 3 121 34.5 13
506 0 3 122 34.5 14.4
507 0 3 123 36.5 13.8
508 0 3 124 35.5 14.75
509 0 3 125 37.5 14.3333333333
510 0 3 126 36.5 13.8
511 0 3 127 36.5 14
512 1 0 0 31.5 11.2
513 1 0 1 31.5 12
514 1 0 2 32.5 11.3333333333
515 1 0 3 31.5 12
516 1 0 4 31.5 11.75
517 1 0 5 32.5 11.5
518 1 0 6 31.5 11.6666666667
519 1 0 7 32.5 11.25
520 1 0 8 33.5 11.5
521 1 0 9 27.5 11
522 1 0 10 32.5 10.75
523 1 0 11 30.5 11
524 1 0 12 26.5 10.25
525 1 0 13 -1.5 21
526 1 0 14 32.5 11.6
527 1 0 15 32.5 11
528 1 0 16 33.5 11.25
529 1 0 17 32.5 11.25
530 1 0 18 33.5 11.2
531 1 0 19 33.5 11.6
532 1 0 20 34.5 11.5
533 1 0 21 32.5 11.25
534 1 0 22 32.5 11.25
535 1 0 23 33.5 11.5
536 1 0 24 33.5 12
537 1 0 25 33.5 10.75
538 1 0 26 33.5 11.25
539 1 0 27 33.5 11
540 1 0 28 32.5 11.25
541 1 0 29 33.5 10.75
542 1 0 30 33.5 11.3333333333
543 1 0 31 32.5 11
544 1 0 32 30.5 11
545 1 0 33 30.5 10.25
546 1 0 34 31.5 10
547 1 0 35 31.5 10.25
548 1 0 36 31.5 9.75
549 1 0 37 31.5 10
550 1 0 38 30.5 10.25
551 1 0 39 30.5 11
552 1 0 40 31.5 9.75
553 1 0 41 31.5 9.5
554 1 0 42 31.5 9.5
555 1 0 43 31.5 9.5
556 1 0 44 31.5 9.5
557 1 0 45 29.5 9.5
558 1 0 46 31.5 9.75
559 1 0 47 32.5 9.75
560 1 0 48 31.5 10.25
561 1 0 49 32.5 9.75
562 1 0 50 31.5 9.75
563 1 0 51 32.5 9.75
564 1 0 52 31.5 9.75
565 1 0 53 32.5 9.5
566 1 0 54 32.5 10
567 1 0 55 33.5 9.75
568 1 0 56 32.5 10.75
569 1 0 57 31.5 10.8
570 1 0 58 32.5 10.2
571 1 0 59 33.5 10
572 1 0 60 32.5 10.5
573 1 0 61 32.5 10.75
574 1 0 62 33.5 10.25
575 1 0 63 33.5 10.5
576 1 0 64 27.5 15
577 1 0 65 27.5 14.6
578 1 0 66 27.5 14.8333333333
579 1 0 67 28.5 15.3333333333
580 1 0 68 27.5 14.6
581 1 0 69 28.5 14.6
582 1 0 70 29.5 14.6
583 1 0 71 29.5 15
584 1 0 72 29.5 14.6
585 1 0 73 30.5 14.8
586 1 0 74 28.5 14.7142857143
587 1 0 75 28.5 14.7142857143
588 1 0 76 30.5 15.1666666667
589 1 0 77 29.5 17
590 1 0 78 30.5 14.8571428571
591 1 0 79 28.5 14.6
592 1 0 80 30.5 15
593 1 0 81 29.5 16.8571428571
594 1 0 82 30.5 15.1428571429
595 1 0 83 29.5 15
596 1 0 84 29.5 14.8
597 1 0 85 30.5 17.3333333333
598 1 0 86 29.5 16.1666666667
599 1 0 87 30.5 14.4
600 1 0 88 29.5 14.8333333333
601 1 0 89 29.5 14.8333333333
602 1 0 90 30.5 14.6
603 1 0 91 29.5 17
604 1 0 92 30.5 17.3333333333
605 1 0 93 29.5 17.5
606 1 0 94 29.5 14.5
607 1 0 95 29.5 14.1666666667
608 1 0 96 33.5 14.5
609 1 0 97 33.5 14.8333333333
610 1 0 98 33.5 15
611 1 0 99 32.5 17.8333333333
612 1 0 100 31.5 14.1666666667
613 1 0 101 33.5 14.5
614 1 0 102 33.5 13.4444444444
615 1 0 103 34.5 14.8
616 1 0 104 34.5 20.1666666667
617 1 0 105 34.5 15.5
618 1 0 106 34.5 15.6666666667
619 1 0 107 34.5 14.8333333333
620 1 0 108 34.5 15.4
621 1 0 109 34.5 15.6
622 1 0 110 34.5 16
623 1 0 111 35.5 15.5714285714
624 1 0 112 35.5 16
625 1 0 113 35.5 15.5714285714
626 1 0 114 35.5 14.6666666667
627 1 0 115 34.5 14.5714285714
628 1 0 116 35.5 15.2
629 1 0 117 36.5 15.1666666667
630 1 0 118 35.5 15.4285714286
631 1 0 119 34.5 15.2857142857
632 1 0 120 35.5 17.5
633 1 0 121 35.5 14.8
634 1 0 122 34.5 16.3333333333
635 1 0 123 34.5 15.1428571429
636 1 0 124 35.5 14.4
637 1 0 125 35.5 17.1666666667
638 1 0 126 35.5 15
639 1 0 127 34.5 14.1666666667
640 1 1 0 25.5 14.4
641 1 1 1 24.5 14.4
642 1 1 2 26.5 14.2
643 1 1 3 27.5 14.4
644 1 1 4 25.5 13.8333333333
645 1 1 5 26.5 15
646 1 1 6 26.5 14.4
647 1 1 7 27.5 14.6
648 1 1 8 27.5 16.8333333333
649 1 1 9 26.5 15.3333333333
650 1 1 10 26.5 14.8333333333
651 1 1 11 28.5 14.5
652 1 1 12 26.5 14.6
653 1 1 13 27.5 14.8
654 1 1 14 27.5 14.4
655 1 1 15 26.5 14.25
656 1 1 16 27.5 14.4
657 1 1 17 26.5 15
658 1 1 18 27.5 14.8
659 1 1 19 26.5 15
660 1 1 20 27.5 14.6666666667
661 1 1 21 27.5 15
662 1 1 22 27.5 14.6
663 1 1 23 27.5 15.4
664 1 1 24 27.5 13.875
665 1 1 25 27.5 17.3333333333
666 1 1 26 27.5 14.8333333333
667 1 1 27 27.5 15.2
668 1 1 28 26.5 15.5
669 1 1 29 26.5 13.5
670 1 1 30 26.5 14.6
671 1 1 31 28.5 15
672 1 1 32 28.5 14.8
673 1 1 33 28.5 14.5
674 1 1 34 29.5 15.2
675 1 1 35 27.5 15
676 1 1 36 28.5 15.3333333333
677 1 1 37 28.5 15.1666666667
678 1 1 38 27.5 15.1428571429
679 1 1 39 27.5 15.2
680 1 1 40 28.5 16.8333333333
681 1 1 41 27.5 14.6
682 1 1 42 29.5 15.3333333333
683 1 1 43 28.5 14.8
684 1 1 44 29.5 12.3333333333
685 1 1 45 29.5 15
686 1 1 46 28.5 14.2
687 1 1 47 29.5 14.8
688 1 1 48 30.5 12.625
689 1 1 49 29.5 14.6
690 1 1 50 29.5 15
691 1 1 51 29.5 14.4
692 1 1 52 30.5 14.6
693 1 1 53 30.5 14.2857142857
694 1 1 54 30.5 14.6
695 1 1 55 29.5 14.5
696 1 1 56 29.5 14
697 1 1 57 30.5 17.1666666667
698 1 1 58 29.5 15
699 1 1 59 29.5 14.8
700 1 1 60 30.5 18
701 1 1 61 30.5 14.6666666667
702 1 1 62 30.5 14.8
703 1 1 63 30.5 15.1666666667
704 1 1 64 29.5 13.8
705 1 1 65 30.5 14.2857142857
706 1 1 66 30.5 14.1666666667
707 1 1 67 28.5 14
708 1 1 68 31.5 13.6
709 1 1 69 30.5 14
710 1 1 70 32.5 13.8333333333
711 1 1 71 31.5 15.6
712 1 1 72 32.5 16.1428571429
713 1 1 73 30.5 12.3333333333
714 1 1 74 31.5 12.5
715 1 1 75 29.5 15
716 1 1 76 30.5 12.8333333333
717 1 1 77 30.5 13.5714285714
718 1 1 78 32.5 13.1666666667
719 1 1 79 32.5 12.8
720 1 1 80 31.5 13.8
721 1 1 81 31.5 13.8333333333
722 1 1 82 31.5 13.6
723 1 1 83 32.5 15.4285714286
724 1 1 84 32.5 13.625
725 1 1 85 30.5 13.3333333333
726 1 1 86 32.5 14.1666666667
727 1 1 87 32.5 16.5
728 1 1 88 32.5 13.5
729 1 1 89 31.5 14
730 1 1 90 33.5 14.5714285714
731 1 1 91 33.5 13.6666666667
732 1 1 92 32.5 14.3333333333
733 1 1 93 32.5 14.5
734 1 1 94 32.5 14.1666666667
735 1 1 95 31.5 16.8333333333
736 1 1 96 32.5 19
737 1 1 97 31.5 19.1666666667
738 1 1 98 31.5 15.4285714286
739 1 1 99 33.5 14
740 1 1 100 33.5 16.5714285714
741 1 1 101 33.5 15
742 1 1 102 33.5 14.3333333333
743 1 1 103 32.5 17
744 1 1 104 34.5 14
745 1 1 105 33.5 12.2222222222
746 1 1 106 32.5 17.6666666667
747 1 1 107 33.5 14.3333333333
748 1 1 108 33.5 14.2857142857
749 1 1 109 33.5 15
750 1 1 110 34.5 16.8333333333
751 1 1 111 34.5 14.2857142857
752 1 1 112 34.5 15
753 1 1 113 34.5 14.4
754 1 1 114 34.5 17.3333333333
755 1 1 115 35.5 14.4
756 1 1 116 35.5 14.6
757 1 1 117 34.5 14.6666666667
758 1 1 118 34.5 14.2
759 1 1 119 34.5 19.5
760 1 1 120 35.5 14.1428571429
761 1 1 121 32.5 14.1666666667
762 1 1 122 36.5 14
763 1 1 123 33.5 13.8333333333
764 1 1 124 35.5 12
765 1 1 125 34.5 17
766 1 1 126 34.5 13.8
767 1 1 127 35.5 13.5
768 1 2 0 26.5 15
769 1 2 1 26.5 14.2
770 1 2 2 25.5 14.4
771 1 2 3 25.5 14.25
772 1 2 4 25.5 14.25
773 1 2 5 25.5 15.1666666667
774 1 2 6 26.5 14.875
775 1 2 7 26.5 16.5714285714
776 1 2 8 25.5 15.3333333333
777 1 2 9 25.5 16.1666666667
778 1 2 10 27.5 16.5714285714
779 1 2 11 26.5 16
780 1 2 12 26.5 15.2857142857
781 1 2 13 27.5 14.2857142857
782 1 2 14 27.5 17
783 1 2 15 28.5 15.6666666667
784 1 2 16 28.5 17.1428571429
785 1 2 17 28.5 16.8333333333
786 1 2 18 27.5 18
787 1 2 19 28.5 20.5
788 1 2 20 27.5 20
789 1 2 21 26.5 19.5
790 1 2 22 28.5 17.4
791 1 2 23 28.5 16.2
792 1 2 24 28.5 16.6666666667
793 1 2 25 27.5 16.6666666667
794 1 2 26 28.5 16
795 1 2 27 28.5 16.3333333333
796 1 2 28 29.5 16.8571428571
797 1 2 29 28.5 16
798 1 2 30 27.5 16
799 1 2 31 27.5 16.6666666667
800 1 2 32 30.5 19.6
801 1 2 33 29.5 16.1428571429
802 1 2 34 30.5 16.2
803 1 2 35 29.5 17
804 1 2 36 30.5 15.6
805 1 2 37 29.5 16
806 1 2 38 29.5 16.25
807 1 2 39 29.5 16.2
808 1 2 40 32.5 18.3333333333
809 1 2 41 31.5 15.2
810 1 2 42 32.5 18.8
811 1 2 43 30.5 15.6666666667
812 1 2 44 30.5 15.3333333333
813 1 2 45 30.5 15.6666666667
814 1 2 46 32.5 13.3333333333
815 1 2 47 30.5 15.8
816 1 2 48 32.5 14.2
817 1 2 49 30.5 13.6
818 1 2 50 32.5 13.5
819 1 2 51 31.5 14.4
820 1 2 52 31.5 13.6
821 1 2 53 31.5 14.2
822 1 2 54 -1.5 16.875
823 1 2 55 32.5 15.1428571429
824 1 2 56 32.5 15.4
825 1 2 57 32.5 15.6666666667
826 1 2 58 32.5 15
827 1 2 59 31.5 15.4
828 1 2 60 31.5 15.6
829 1 2 61 33.5 14
830 1 2 62 31.5 16.5
831 1 2 63 32.5 19.1666666667
832 1 2 64 28.5 11
833 1 2 65 26.5 10.75
834 1 2 66 27.5 10.25
835 1 2 67 26.5 10.5
836 1 2 68 29.5 10.4
837 1 2 69 27.5 12.4
838 1 2 70 27.5 10.5
839 1 2 71 27.5 11.4
840 1 2 72 28.5 10
841 1 2 73 27.5 11.6
842 1 2 74 28.5 11.1666666667
843 1 2 75 29.5 11.1666666667
844 1 2 76 28.5 11.6666666667
845 1 2 77 28.5 11.4
846 1 2 78 28.5 12.8571428571
847 1 2 79 29.5 11.25
848 1 2 80 29.5 11
849 1 2 81 28.5 11.2
850 1 2 82 29.5 13.1666666667
851 1 2 83 29.5 15
852 1 2 84 27.5 12.6666666667
853 1 2 85 27.5 10.6666666667
854 1 2 86 29.5 11.1666666667
855 1 2 87 28.5 11
856 1 2 88 28.5 11.5
857 1 2 89 31.5 11.1428571429
858 1 2 90 29.5 12.3333333333
859 1 2 91 27.5 11
860 1 2 92 28.5 11.4285714286
861 1 2 93 29.5 11
862 1 2 94 29.5 11
863 1 2 95 29.5 13.2
864 1 2 96 30.5 17.5
865 1 2 97 32.5 20
866 1 2 98 33.5 20
867 1 2 99 33.5 17.875
868 1 2 100 32.5 17.6666666667
869 1 2 101 32.5 19.8571428571
870 1 2 102 33.5 17.1666666667
871 1 2 103 32.5 19
872 1 2 104 33.5 12
873 1 2 105 33.5 11.8
874 1 2 106 34.5 11.75
875 1 2 107 33.5 11.8333333333
876 1 2 108 32.5 12.1666666667
877 1 2 109 33.5 12.4
878 1 2 110 32.5 12.3333333333
879 1 2 111 33.5 14.5
880 1 2 112 34.5 12.2
881 1 2 113 34.5 11.6666666667
882 1 2 114 33.5 15
883 1 2 115 34.5 11.75
884 1 2 116 34.5 14.6666666667
885 1 2 117 33.5 11.8
886 1 2 118 34.5 11.4
887 1 2 119 34.5 13
888 1 2 120 35.5 12.3333333333
889 1 2 121 34.5 11.8333333333
890 1 2 122 32.5 11.6666666667
891 1 2 123 34.5 11.8
892 1 2 124 34.5 11.8
893 1 2 125 34.5 12
894 1 2 126 33.5 11.5
895 1 2 127 34.5 12
896 1 3 0 25.5 12
897 1 3 1 27.5 12.2
898 1 3 2 25.5 11.5
899 1 3 3 27.5 12.5
900 1 3 4 26.5 12.6
901 1 3 5 27.5 12.8333333333
902 1 3 6 27.5 12.4
903 1 3 7 28.5 15
904 1 3 8 27.5 12.5
905 1 3 9 27.5 11.2
906 1 3 10 27.5 11.6
907 1 3 11 27.5 11.6666666667
908 1 3 12 27.5 12
909 1 3 13 27.5 11.5
910 1 3 14 27.5 11.8
911 1 3 15 27.5 11.8
912 1 3 16 27.5 14.1666666667
913 1 3 17 27.5 12.5
914 1 3 18 27.5 17.4
915 1 3 19 26.5 12.25
916 1 3 20 27.5 12.1666666667
917 1 3 21 26.5 12
918 1 3 22 28.5 12
919 1 3 23 28.5 13.2
920 1 3 24 29.5 12.1428571429
921 1 3 25 27.5 12.8
922 1 3 26 29.5 12.6
923 1 3 27 27.5 13.1666666667
924 1 3 28 27.5 12.8333333333
925 1 3 29 25.5 12.6
926 1 3 30 28.5 13
927 1 3 31 28.5 12.6
928 1 3 32 26.5 12.75
929 1 3 33 25.5 12.3333333333
930 1 3 34 25.5 12.6666666667
931 1 3 35 25.5 12.8333333333
932 1 3 36 24.5 12.1428571429
933 1 3 37 25.5 12.5
934 1 3 38 27.5 12.2
935 1 3 39 25.5 15.5
936 1 3 40 26.5 12.3333333333
937 1 3 41 27.5 11.6666666667
938 1 3 42 28.5 14.2
939 1 3 43 26.5 12
940 1 3 44 27.5 11.5
941 1 3 45 28.5 12.1666666667
942 1 3 46 26.5 12
943 1 3 47 26.5 12.4
944 1 3 48 27.5 12.8333333333
945 1 3 49 26.5 13.1666666667
946 1 3 50 27.5 13.3333333333
947 1 3 51 29.5 13.1428571429
948 1 3 52 28.5 13.2
949 1 3 53 26.5 13.3333333333
950 1 3 54 28.5 12.8571428571
951 1 3 55 25.5 12.6666666667
952 1 3 56 28.5 13
953 1 3 57 27.5 13
954 1 3 58 29.5 15
955 1 3 59 27.5 13.1428571429
956 1 3 60 28.5 16.1666666667
957 1 3 61 27.5 13.2
958 1 3 62 27.5 12.8
959 1 3 63 27.5 12.7142857143
960 1 3 64 26.5 10
961 1 3 65 28.5 11.5
962 1 3 66 27.5 10.25
963 1 3 67 28.5 10.3333333333
964 1 3 68 27.5 10
965 1 3 69 27.5 10.1666666667
966 1 3 70 29.5 10.2
967 1 3 71 27.5 12
968 1 3 72 28.5 12.8
969 1 3 73 28.5 11.8571428571
970 1 3 74 29.5 13.8
971 1 3 75 27.5 12
972 1 3 76 30.5 11.5
973 1 3 77 28.5 13.4
974 1 3 78 29.5 12.1666666667
975 1 3 79 29.5 15.3333333333
976 1 3 80 30.5 10.6
977 1 3 81 29.5 11
978 1 3 82 28.5 11.1428571429
979 1 3 83 28.5 11
980 1 3 84 29.5 10.8333333333
981 1 3 85 28.5 10.6
982 1 3 86 29.5 10.5
983 1 3 87 29.5 10.8
984 1 3 88 30.5 10.6
985 1 3 89 28.5 13.3333333333
986 1 3 90 30.5 10.6
987 1 3 91 30.5 12.4
988 1 3 92 29.5 10.5
989 1 3 93 28.5 10.4
990 1 3 94 29.5 12.6
991 1 3 95 30.5 12.6
992 1 3 96 27.5 11.3333333333
993 1 3 97 28.5 10.8333333333
994 1 3 98 27.5 11.4
995 1 3 99 28.5 10.6666666667
996 1 3 100 27.5 10.1428571429
997 1 3 101 27.5 11.2
998 1 3 102 29.5 10.4
999 1 3 103 27.5 11.4
1000 1 3 104 32.5 11.25
1001 1 3 105 29.5 10.8
1002 1 3 106 29.5 12
1003 1 3 107 28.5 11.4
1004 1 3 108 29.5 12.5
1005 1 3 109 29.5 12.2
1006 1 3 110 28.5 14
1007 1 3 111 30.5 15.4285714286
1008 1 3 112 30.5 14
1009 1 3 113 29.5 11
1010 1 3 114 29.5 12
1011 1 3 115 29.5 11.6
1012 1 3 116 30.5 11.75
1013 1 3 117 29.5 12
1014 1 3 118 31.5 11.5
1015 1 3 119 29.5 11.8333333333
1016 1 3 120 30.5 11.25
1017 1 3 121 28.5 10.6666666667
1018 1 3 122 29.5 11.5
1019 1 3 123 30.5 11.3333333333
1020 1 3 124 29.5 11.25
1021 1 3 125 30.5 11.3333333333
1022 1 3 126 28.5 13.5
1023 1 3 127 30.5 10.6666666667