0     125   2     0
0     124   2     1
0     126   2     2
0     127   2     3
4     1     2     4
4     0     2     5
4     2     2     6
4     3     2     7
0     122   2     8
0     123   2     9
0     121   2     10
0     120   2     11
4     8     2     12
4     5     2     13
4     4     2     14
4     6     2     15
0     117   2     16
0     116   2     17
0     118   2     18
0     119   2     19
4     7     2     20
4     10    2     21
4     11    2     22
4     9     2     23
0     114   2     24
0     115   2     25
0     113   2     26
0     112   2     27
4     14    2     28
4     15    2     29
4     13    2     30
4     12    2     31
0     109   2     32
0     108   2     33
0     110   2     34
0     111   2     35
4     17    2     36
4     16    2     37
4     18    2     38
4     19    2     39
0     106   2     40
0     107   2     41
0     105   2     42
0     104   2     43
4     24    2     44
4     21    2     45
4     20    2     46
4     22    2     47
0     101   2     48
0     100   2     49
0     102   2     50
0     103   2     51
4     23    2     52
4     26    2     53
4     27    2     54
4     25    2     55
0     98    2     56
0     99    2     57
0     97    2     58
0     96    2     59
4     31    2     60
4     30    2     61
4     29    2     62
4     28    2     63
0     92    2     64
0     93    2     65
0     94    2     66
0     95    2     67
4     32    2     68
4     33    2     69
4     35    2     70
4     34    2     71
0     89    2     72
0     91    2     73
0     90    2     74
0     87    2     75
4     39    2     76
4     38    2     77
4     36    2     78
4     37    2     79
0     86    2     80
0     84    2     81
0     85    2     82
0     88    2     83
4     40    2     84
4     41    2     85
4     43    2     86
4     42    2     87
0     83    2     88
0     82    2     89
0     80    2     90
0     81    2     91
4     47    2     92
4     46    2     93
4     44    2     94
4     45    2     95
0     76    2     96
0     77    2     97
0     79    2     98
0     78    2     99
4     48    2     100
4     49    2     101
4     51    2     102
4     50    2     103
0     73    2     104
0     75    2     105
0     74    2     106
0     71    2     107
4     55    2     108
4     54    2     109
4     52    2     110
4     53    2     111
0     70    2     112
0     68    2     113
0     69    2     114
0     72    2     115
4     56    2     116
4     57    2     117
4     59    2     118
4     58    2     119
0     67    2     120
0     66    2     121
0     64    2     122
0     65    2     123
4     63    2     124
4     62    2     125
4     60    2     126
4     61    2     127
2     125   2     128
2     124   2     129
2     126   2     130
2     127   2     131
6     1     2     132
6     0     2     133
6     2     2     134
6     3     2     135
2     122   2     136
2     123   2     137
2     121   2     138
2     120   2     139
6     8     2     140
6     5     2     141
6     4     2     142
6     6     2     143
2     117   2     144
2     116   2     145
2     118   2     146
2     119   2     147
6     7     2     148
6     10    2     149
6     11    2     150
6     9     2     151
2     114   2     152
2     115   2     153
2     113   2     154
2     112   2     155
6     14    2     156
6     15    2     157
6     13    2     158
6     12    2     159
2     109   2     160
2     108   2     161
2     110   2     162
2     111   2     163
6     17    2     164
6     16    2     165
6     18    2     166
6     19    2     167
2     106   2     168
2     107   2     169
2     105   2     170
2     104   2     171
6     24    2     172
6     21    2     173
6     20    2     174
6     22    2     175
2     101   2     176
2     100   2     177
2     102   2     178
2     103   2     179
6     23    2     180
6     26    2     181
6     27    2     182
6     25    2     183
2     98    2     184
2     99    2     185
2     97    2     186
2     96    2     187
6     31    2     188
6     30    2     189
6     29    2     190
6     28    2     191
2     92    2     192
2     93    2     193
2     94    2     194
2     95    2     195
6     32    2     196
6     33    2     197
6     35    2     198
6     34    2     199
2     89    2     200
2     91    2     201
2     90    2     202
2     87    2     203
6     39    2     204
6     38    2     205
6     36    2     206
6     37    2     207
2     86    2     208
2     84    2     209
2     85    2     210
2     88    2     211
6     40    2     212
6     41    2     213
6     43    0     0
6     42    0     1
2     83    0     2
2     82    0     3
2     80    0     4
2     81    0     5
6     47    0     6
6     46    0     7
6     44    0     8
6     45    0     9
2     76    0     10
2     77    0     11
2     79    0     12
2     78    0     13
6     48    0     14
6     49    0     15
6     51    0     16
6     50    0     17
2     73    0     18
2     75    0     19
2     74    0     20
2     71    0     21
6     55    0     22
6     54    0     23
6     52    0     24
6     53    0     25
2     70    0     26
2     68    0     27
2     69    0     28
2     72    0     29
6     56    0     30
6     57    0     31
6     59    0     32
6     58    0     33
2     67    0     34
2     66    0     35
2     64    0     36
2     65    0     37
6     63    0     38
6     62    0     39
6     60    0     40
6     61    0     41
9     61    0     42
9     60    0     43
9     62    0     44
9     63    0     45
13    65    0     46
13    64    0     47
13    66    0     48
13    67    0     49
9     58    0     50
9     59    0     51
9     57    0     52
9     56    0     53
13    72    0     54
13    69    0     55
13    68    0     56
13    70    0     57
9     53    0     58
9     52    0     59
9     54    0     60
9     55    0     61
13    71    0     62
13    74    0     63
13    75    0     64
13    73    0     65
9     50    0     66
9     51    0     67
9     49    0     68
9     48    0     69
13    78    0     70
13    79    0     71
13    77    0     72
13    76    0     73
9     45    0     74
9     44    0     75
9     46    0     76
9     47    0     77
13    81    0     78
13    80    0     79
13    82    0     80
13    83    0     81
9     42    0     82
9     43    0     83
9     41    0     84
9     40    0     85
13    88    0     86
13    85    0     87
13    84    0     88
13    86    0     89
9     37    0     90
9     36    0     91
9     38    0     92
9     39    0     93
13    87    0     94
13    90    0     95
13    91    0     96
13    89    0     97
9     34    0     98
9     35    0     99
9     33    0     100
9     32    0     101
13    95    0     102
13    94    0     103
13    93    0     104
13    92    0     105
9     28    0     106
9     29    0     107
9     30    0     108
9     31    0     109
13    96    0     110
13    97    0     111
13    99    0     112
13    98    0     113
9     25    0     114
9     27    0     115
9     26    0     116
9     23    0     117
13    103   0     118
13    102   0     119
13    100   0     120
13    101   0     121
9     22    0     122
9     20    0     123
9     21    0     124
9     24    0     125
13    104   0     126
13    105   0     127
13    107   0     128
13    106   0     129
9     19    0     130
9     18    0     131
9     16    0     132
9     17    0     133
13    111   0     134
13    110   0     135
13    108   0     136
13    109   0     137
9     12    0     138
9     13    0     139
9     15    0     140
9     14    0     141
13    112   0     142
13    113   0     143
13    115   0     144
13    114   0     145
9     9     0     146
9     11    0     147
9     10    0     148
9     7     0     149
13    119   0     150
13    118   0     151
13    116   0     152
13    117   0     153
9     6     0     154
9     4     0     155
9     5     0     156
9     8     0     157
13    120   0     158
13    121   0     159
13    123   0     160
13    122   0     161
9     3     0     162
9     2     0     163
9     0     0     164
9     1     0     165
13    127   0     166
13    126   0     167
13    124   0     168
13    125   0     169
10    125   0     170
10    124   0     171
10    126   0     172
10    127   0     173
14    1     0     174
14    0     0     175
14    2     0     176
14    3     0     177
10    122   0     178
10    123   0     179
10    121   0     180
10    120   0     181
14    8     0     182
14    5     0     183
14    4     0     184
14    6     0     185
10    117   0     186
10    116   0     187
10    118   0     188
10    119   0     189
14    7     0     190
14    10    0     191
14    11    0     192
14    9     0     193
10    114   0     194
10    115   0     195
10    113   0     196
10    112   0     197
14    14    0     198
14    15    0     199
14    13    0     200
14    12    0     201
10    109   0     202
10    108   0     203
10    110   0     204
10    111   0     205
14    17    0     206
14    16    0     207
14    18    0     208
14    19    0     209
10    106   0     210
10    107   0     211
10    105   1     0
10    104   1     1
14    24    1     2
14    21    1     3
14    20    1     4
14    22    1     5
10    101   1     6
10    100   1     7
10    102   1     8
10    103   1     9
14    23    1     10
14    26    1     11
14    27    1     12
14    25    1     13
10    98    1     14
10    99    1     15
10    97    1     16
10    96    1     17
14    31    1     18
14    30    1     19
14    29    1     20
14    28    1     21
10    92    1     22
10    93    1     23
10    94    1     24
10    95    1     25
14    32    1     26
14    33    1     27
14    35    1     28
14    34    1     29
10    89    1     30
10    91    1     31
10    90    1     32
10    87    1     33
14    39    1     34
14    38    1     35
14    36    1     36
14    37    1     37
10    86    1     38
10    84    1     39
10    85    1     40
10    88    1     41
14    40    1     42
14    41    1     43
14    43    1     44
14    42    1     45
10    83    1     46
10    82    1     47
10    80    1     48
10    81    1     49
14    47    1     50
14    46    1     51
14    44    1     52
14    45    1     53
10    76    1     54
10    77    1     55
10    79    1     56
10    78    1     57
14    48    1     58
14    49    1     59
14    51    1     60
14    50    1     61
10    73    1     62
10    75    1     63
10    74    1     64
10    71    1     65
14    55    1     66
14    54    1     67
14    52    1     68
14    53    1     69
10    70    1     70
10    68    1     71
10    69    1     72
10    72    1     73
14    56    1     74
14    57    1     75
14    59    1     76
14    58    1     77
10    67    1     78
10    66    1     79
10    64    1     80
10    65    1     81
14    63    1     82
14    62    1     83
14    60    1     84
14    61    1     85
11    125   1     86
11    124   1     87
11    126   1     88
11    127   1     89
15    1     1     90
15    0     1     91
15    2     1     92
15    3     1     93
11    122   1     94
11    123   1     95
11    121   1     96
11    120   1     97
15    8     1     98
15    5     1     99
15    4     1     100
15    6     1     101
11    117   1     102
11    116   1     103
11    118   1     104
11    119   1     105
15    7     1     106
15    10    1     107
15    11    1     108
15    9     1     109
11    114   1     110
11    115   1     111
11    113   1     112
11    112   1     113
15    14    1     114
15    15    1     115
15    13    1     116
15    12    1     117
11    109   1     118
11    108   1     119
11    110   1     120
11    111   1     121
15    17    1     122
15    16    1     123
15    18    1     124
15    19    1     125
11    106   1     126
11    107   1     127
11    105   1     128
11    104   1     129
15    24    1     130
15    21    1     131
15    20    1     132
15    22    1     133
11    101   1     134
11    100   1     135
11    102   1     136
11    103   1     137
15    23    1     138
15    26    1     139
15    27    1     140
15    25    1     141
11    98    1     142
11    99    1     143
11    97    1     144
11    96    1     145
15    31    1     146
15    30    1     147
15    29    1     148
15    28    1     149
11    92    1     150
11    93    1     151
11    94    1     152
11    95    1     153
15    32    1     154
15    33    1     155
15    35    1     156
15    34    1     157
11    89    1     158
11    91    1     159
11    90    1     160
11    87    1     161
15    39    1     162
15    38    1     163
15    36    1     164
15    37    1     165
11    86    1     166
11    84    1     167
11    85    1     168
11    88    1     169
15    40    1     170
15    41    1     171
15    43    1     172
15    42    1     173
11    83    1     174
11    82    1     175
11    80    1     176
11    81    1     177
15    47    1     178
15    46    1     179
15    44    1     180
15    45    1     181
11    76    1     182
11    77    1     183
11    79    1     184
11    78    1     185
15    48    1     186
15    49    1     187
15    51    1     188
15    50    1     189
11    73    1     190
11    75    1     191
11    74    1     192
11    71    1     193
15    55    1     194
15    54    1     195
15    52    1     196
15    53    1     197
11    70    1     198
11    68    1     199
11    69    1     200
11    72    1     201
15    56    1     202
15    57    1     203
15    59    1     204
15    58    1     205
11    67    1     206
11    66    1     207
11    64    1     208
11    65    1     209
15    63    1     210
15    62    1     211
15    60    1     212
15    61    1     213