# H2-Bellow-Window-concave-convex-coord-3.xls  dia=320.0
# flange: innerRadius, outerRadius, insideZ outsideZ
 150.0 160.0 93.792 149.453
# r(mm)	z(mm)   	t(mm)
0	149.3333333	0.12
5	149.2496045	0.121384449
10	148.9981357	0.125551589
15	148.5780752	0.132543174
20	147.9879875	0.142430098
25	147.225828	0.155314416
30	146.2889075	0.17133234
35	145.1738421	0.190658378
40	143.8764902	0.213510873
45	142.3918693	0.240159306
50	140.7140521	0.270933866
55	138.8360344	0.306238009
60	136.7495684	0.346565014
65	134.4449495	0.392520023
70	131.9107442	0.444849685
75	129.1334366	0.504482648
80	126.0969645	0.572585752
85	122.7821015	0.650643614
86	122.08376	0.667609206
87	121.373162	0.685065632
88	120.6500909	0.703031738
89	119.9143213	0.72152746
90	119.1656177	0.740573896
95	115.3242769	0.80247523
100	111.8168288	0.830450334
105	108.7055415	0.859978733
110	105.9521743	0.890921197
115	103.5269015	0.923218044
120	101.406146	0.956864351
125	99.5711137	0.991895836
130	98.00677444	1.028380937
135	96.70113906	1.066416716
140	95.64473881	1.106127335
145	94.83024869	1.14766443
150	94.25221633	1.191209076
160	93.79200000	1.285214893
